latitude	longitude	altitude_feet	altitude_meters	speed_kmh	speed_kts	speed_mph	verticalSpeed_fpm	verticalSpeed_ms	heading	squawk	timestamp
47.78661	-3.506023	4300	1311	296.3	160	184.1	1344	6.8	238	4214	1590479180
47.77758	-3.52834	4600	1402	296.3	160	184.1	768	3.9	238	4214	1590479186
47.763412	-3.563252	5100	1554	296.3	160	184.1	896	4.6	238	4214	1590479230
47.755531	-3.592473	5625	1715	333.4	180	207.1	3520	17.9	252	4214	1590479242
47.753315	-3.604174	5844	1781	340.8	184	211.7	896	4.6	254	4214	1590479253
47.751202	-3.618165	6300	1920	337.1	182	209.4	1856	9.4	254	4214	1590479260
47.750957	-3.622754	6350	1935	342.6	185	212.9	832	4.2	262	4214	1590479274
47.749466	-3.654043	6200	1890	361.1	195	224.4	-448	-2.3	273	4214	1590479305
47.746777	-3.680906	6000	1829	361.1	195	224.4	-576	-2.9	273	4214	1590479318
47.747948	-3.712252	5975	1821	409.3	221	254.3	0	0	278	4214	1590479333
47.748222	-3.73076	6000	1829	407.4	220	253.2	320	1.6	272	4214	1590479352
47.747604	-3.76254	6000	1829	407.4	220	253.2	0	0	272	4214	1590479364
47.747581	-3.773201	6000	1829	407.4	220	253.2	0	0	272	4214	1590479385
47.763042	-3.806466	6000	1829	444.5	240	276.2	0	0	256	4214	1590479396
47.760334	-3.81301	6000	1829	444.5	240	276.2	0	0	256	4214	1590479408
47.758247	-3.832095	6000	1829	444.5	240	276.2	0	0	256	4214	1590479420
47.753883	-3.863726	6000	1829	444.5	240	276.2	0	0	256	4214	1590479432
47.749874	-3.883477	6000	1829	459.3	248	285.4	0	0	253	4214	1590479450
47.748558	-3.897497	6000	1829	459.3	248	285.4	0	0	253	4214	1590479456
47.747395	-3.908016	5999	1828	437.1	236	271.6	0	0	259	4214	1590479484
47.742306	-3.946575	6000	1829	437.1	236	271.6	0	0	259	4214	1590479545
47.723827	-3.963734	6000	1829	437.1	236	271.6	0	0	259	4214	1590479572
47.715576	-3.908459	6000	1829	550	297	341.8	0	0	138	4214	1590479585
47.71484	-3.893507	6000	1829	550	297	341.8	0	0	138	4214	1590479596
47.713387	-3.880883	6000	1829	550	297	341.8	0	0	138	4214	1590479612
47.712078	-3.865657	6000	1829	550	297	341.8	0	0	138	4214	1590479649
47.711201	-3.832199	6000	1829	550	297	341.8	0	0	138	4214	1590479666
47.715668	-3.804704	6000	1829	550	297	341.8	0	0	138	4214	1590479678
47.718338	-3.782133	6000	1829	550	297	341.8	0	0	138	4214	1590479690
47.724304	-3.738354	6000	1829	550	297	341.8	0	0	138	4214	1590479704
47.726807	-3.720828	6000	1829	529.7	286	329.1	0	0	93	4214	1590479720
47.728458	-3.705804	6000	1829	318.5	172	197.9	0	0	93	4214	1590479730
47.73011	-3.693165	6000	1829	318.5	172	197.9	0	0	81	4214	1590479738
47.731644	-3.682145	6000	1829	446.3	241	277.3	0	0	78	4214	1590479752
47.734364	-3.662452	6000	1829	446.3	241	277.3	0	0	78	4214	1590479781
47.74926	-3.627616	6000	1829	446.3	241	277.3	0	0	78	4214	1590479794
47.755421	-3.620767	6000	1829	446.3	241	277.3	0	0	78	4214	1590479812
47.772999	-3.609715	6000	1829	446.3	241	277.3	0	0	78	5104	1590479834
47.792236	-3.604301	6000	1829	437.1	236	271.6	0	0	285	5104	1590479857
47.822144	-3.604633	6000	1829	437.1	236	271.6	0	0	285	5104	1590479876
47.832607	-3.608481	6000	1829	505.6	273	314.2	0	0	323	5104	1590479894
47.849899	-3.609654	6050	1844	457.4	247	284.2	384	2	345	5104	1590479905
47.858021	-3.613671	6100	1859	459.3	248	285.4	512	2.6	342	5104	1590479921
47.869228	-3.614342	6150	1875	459.3	248	285.4	192	1	342	5104	1590479932
47.88372	-3.617761	6050	1844	337.1	182	209.4	-448	-2.3	342	5104	1590479944
47.894554	-3.620906	6000	1829	337.1	182	209.4	-320	-1.6	342	5104	1590479958
47.901772	-3.622145	6000	1829	459.3	248	285.4	0	0	342	5104	1590479978
47.923248	-3.624397	6000	1829	459.3	248	285.4	320	1.6	342	5104	1590480001
47.94006	-3.625314	6025	1836	459.3	248	285.4	64	0.3	342	5104	1590480017
47.953094	-3.62549	5974	1821	459.3	248	285.4	-192	-1	342	5104	1590480029
47.96957	-3.624428	6000	1829	407.4	220	253.2	192	1	87	5104	1590480058
47.990105	-3.622528	6025	1836	407.4	220	253.2	0	0	87	5104	1590480069
47.999519	-3.621095	6025	1836	407.4	220	253.2	0	0	87	5104	1590480080
48.006088	-3.620531	6025	1836	407.4	220	253.2	0	0	87	5104	1590480098
48.023872	-3.619195	6000	1829	407.4	220	253.2	-320	-1.6	87	5104	1590480121
48.045746	-3.617911	5975	1821	385.2	208	239.4	0	0	23	5104	1590480133
48.053829	-3.617383	6000	1829	363	196	225.6	0	0	7	5104	1590480142
48.057098	-3.617167	6025	1836	329.7	178	204.8	320	1.6	7	5104	1590480154
48.066933	-3.616722	6000	1829	363	196	225.6	-64	-0.3	7	5104	1590480162
48.079777	-3.616724	5999	1828	342.6	185	212.9	0	0	1	5104	1590480173
48.088978	-3.617124	6025	1836	342.6	185	212.9	0	0	358	5104	1590480184
48.096077	-3.617736	6025	1836	338.9	183	210.6	320	1.6	267	5104	1590480198
48.1124	-3.622634	6050	1844	335.2	181	208.3	0	0	333	5104	1590480218
48.118069	-3.626436	6049	1844	326	176	202.5	0	0	335	5104	1590480236
48.130871	-3.637842	6050	1844	326	176	202.5	0	0	335	5104	1590480260
48.145836	-3.658446	6049	1844	326	176	202.5	0	0	335	5104	1590480278
48.160271	-3.689807	6099	1859	326	176	202.5	64	0.3	335	5104	1590480292
48.166683	-3.704866	6074	1851	326	176	202.5	-128	-0.7	335	5104	1590480305
48.172325	-3.713725	6050	1844	357.4	193	222.1	-384	-2	319	5104	1590480318
48.180534	-3.7242	6050	1844	361.1	195	224.4	0	0	320	5104	1590480325
48.185421	-3.729985	6050	1844	357.4	193	222.1	0	0	320	5104	1590480332
48.191441	-3.737033	6050	1844	346.3	187	215.2	0	0	321	5104	1590480340
48.199783	-3.74455	6000	1829	329.7	178	204.8	-320	-1.6	328	5104	1590480354
48.205147	-3.747692	6000	1829	322.2	174	200.2	0	0	336	5104	1590480366
48.215221	-3.752653	5874	1790	318.5	172	197.9	-1024	-5.2	337	5104	1590480373
48.222679	-3.753466	5775	1760	324.1	175	201.4	-576	-2.9	351	5104	1590480382
48.226025	-3.753716	5725	1745	342.6	185	212.9	-704	-3.6	354	5104	1590480388
48.235176	-3.755416	5575	1699	338.9	183	210.6	-576	-2.9	351	5104	1590480398
48.243114	-3.757149	5425	1654	342.6	185	212.9	-1216	-6.2	355	5104	1590480406
48.248581	-3.75914	5250	1600	346.3	187	215.2	-1728	-8.8	351	5104	1590480417
48.261894	-3.770161	5000	1524	346.3	187	215.2	-1344	-6.8	351	5104	1590480440
48.282192	-3.794253	4200	1280	363	196	225.6	-1920	-9.8	315	5104	1590480457
48.286423	-3.801158	4000	1219	372.3	201	231.3	-1792	-9.1	313	5104	1590480482
48.304489	-3.824224	3275	998	372.3	201	231.3	-1664	-8.5	313	5104	1590480489
48.3092	-3.833979	3100	945	392.6	212	244	-1344	-6.8	307	5104	1590480521
48.336227	-3.874125	2575	785	398.2	215	247.4	-128	-0.7	309	5104	1590480548
48.350117	-3.892458	2350	716	398.2	215	247.4	-640	-3.3	309	5104	1590480557
48.3564	-3.900609	2300	701	387.1	209	240.5	-320	-1.6	317	5104	1590480565
48.365593	-3.911882	2325	709	379.7	205	235.9	0	0	320	5104	1590480585
48.37746	-3.925667	2400	732	379.7	205	235.9	256	1.3	320	5104	1590480592
48.382847	-3.931372	2400	732	376	203	233.6	0	0	323	5104	1590480606
48.391571	-3.941507	2400	732	376	203	233.6	0	0	323	5104	1590480618
48.402649	-3.954943	2374	724	376	203	233.6	0	0	323	5104	1590480634
48.415649	-3.974336	2425	739	364.8	197	226.7	0	0	314	5104	1590480646
48.420063	-3.982251	2409	734	359.3	194	223.3	-192	-1	311	5104	1590480658
48.426357	-3.993953	2400	732	355.6	192	220.9	0	0	311	5104	1590480664
48.428364	-3.998287	2375	724	353.7	191	219.8	-320	-1.6	306	5104	1590480670
48.430641	-4.003171	2374	724	353.7	191	219.8	0	0	306	5104	1590480678
48.435204	-4.011372	2375	724	353.7	191	219.8	0	0	306	5104	1590480697
48.447468	-4.027216	2350	716	353.7	191	219.8	-64	-0.3	306	5104	1590480709
48.467201	-4.023307	2375	724	307.4	166	191	320	1.6	96	5104	1590480733
48.470657	-4.013433	2349	716	338.9	183	210.6	-384	-2	70	5104	1590480744
48.476688	-4.004853	2350	716	244.5	132	151.9	0	0	40	5104	1590480753
48.478138	-4.000721	2350	716	240.8	130	149.6	0	0	55	5104	1590480765
48.486191	-3.990421	2375	724	237.1	128	147.3	0	0	55	5104	1590480772
48.488941	-3.981929	2400	732	338.9	183	210.6	320	1.6	61	5104	1590480780
48.494114	-3.970287	2400	732	240.8	130	149.6	0	0	56	5104	1590480792
48.497208	-3.963169	2375	724	237.1	128	147.3	0	0	56	5104	1590480800
48.50024	-3.956392	2298	700	233.4	126	145	-448	-2.3	55	5104	1590480810
48.504398	-3.948696	2175	663	229.6	124	142.7	-704	-3.6	51	5104	1590480817
48.505367	-3.946334	2150	655	218.5	118	135.8	-576	-2.9	51	5104	1590480830
48.514011	-3.932502	1849	564	214.8	116	133.5	-1088	-5.5	51	5104	1590480849
48.520786	-3.922472	1725	526	207.4	112	128.9	0	0	51	5104	1590480869
48.529518	-3.910192	1475	450	211.1	114	131.2	-384	-2	51	5104	1590480880
48.533684	-3.904115	1375	419	207.4	112	128.9	-640	-3.3	51	5104	1590480890
48.536934	-3.899443	1350	411	203.7	110	126.6	0	0	42	5104	1590480902
48.541397	-3.893392	1150	351	225.9	122	140.4	-768	-3.9	223	5104	1590480962
48.563946	-3.863854	600	183	225.9	122	140.4	-576	-2.9	40	5104	1590480984
48.575428	-3.850404	375	114	225.9	122	140.4	0	0	33	5104	1590480992
48.578289	-3.84745	238	73	225.9	122	140.4	-896	-4.6	35	5104	1590481005
48.583565	-3.84099	225	69	225.9	122	140.4	0	0	35	5104	1590481012
48.585667	-3.838741	50	15	225.9	122	140.4	-2432	-12.4	35	5104	1590481022
48.589203	-3.834507	25	8	225.9	122	140.4	-128	-0.7	37	5104	1590481053
48.604599	-3.81476	24	7	244.5	132	151.9	-64	-0.3	37	5104	1590481060
48.607204	-3.807425	227	69	244.5	132	151.9	2112	10.7	50	5104	1590481069
48.608768	-3.803909	357	109	251.9	136	156.5	1984	10.1	56	5104	1590481076
48.611965	-3.800292	625	191	263	142	163.4	2112	10.7	41	5104	1590481084
48.617832	-3.793812	900	274	263	142	163.4	1152	5.9	38	5104	1590481093
48.623489	-3.788144	1425	434	255.6	138	158.8	1728	8.8	33	5104	1590481105
48.62941	-3.782163	1756	535	255.6	138	158.8	1920	9.8	33	5104	1590481118
48.635742	-3.77529	2025	617	263	142	163.4	1216	6.2	35	5104	1590481129
48.641842	-3.768162	2300	701	266.7	144	165.7	1344	6.8	36	5104	1590481142
48.645378	-3.76353	2400	732	285.2	154	177.2	448	2.3	38	5104	1590481149
48.649509	-3.757996	2450	747	318.5	172	197.9	704	3.6	40	5104	1590481156
48.652115	-3.754522	2425	739	344.5	186	214	-256	-1.3	40	5104	1590481168
48.661331	-3.743048	2436	742	355.6	192	220.9	-64	-0.3	40	5104	1590481176
48.666763	-3.73603	2400	732	355.6	192	220.9	-384	-2	38	5104	1590481184
48.672119	-3.729325	2375	724	355.6	192	220.9	-256	-1.3	39	5104	1590481192
48.68066	-3.719766	2425	739	342.6	185	212.9	384	2	35	5104	1590481208
48.689968	-3.71265	2425	739	338.9	183	210.6	0	0	31	5104	1590481216
48.696583	-3.71146	2450	747	342.6	185	212.9	384	2	19	5104	1590481225
48.70266	-3.713239	2450	747	338.9	183	210.6	0	0	274	5104	1590481233
48.708382	-3.717833	2500	762	327.8	177	203.7	384	2	325	5104	1590481240
48.712189	-3.725071	2500	762	322.2	174	200.2	0	0	321	5104	1590481248
48.714512	-3.734175	2450	747	326	176	202.5	-256	-1.3	301	5104	1590481256
48.713715	-3.744356	2390	728	305.6	165	189.9	-768	-3.9	287	5104	1590481265
48.711388	-3.754438	2325	709	338.9	183	210.6	-384	-2	263	5104	1590481272
48.706863	-3.763861	2300	701	342.6	185	212.9	0	0	248	5104	1590481281
48.700615	-3.771063	2300	701	376	203	233.6	0	0	229	5104	1590481288
48.697113	-3.773896	2325	709	387.1	209	240.5	320	1.6	215	5104	1590481294
48.693184	-3.776397	2325	709	387.1	209	240.5	0	0	215	5104	1590481300
48.687748	-3.779576	2350	716	387.1	209	240.5	128	0.7	215	5104	1590481306
48.678307	-3.779527	2350	716	453.7	245	281.9	0	0	188	5104	1590481312
48.668804	-3.778884	2349	716	450	243	279.6	0	0	179	5104	1590481322
48.659477	-3.776727	2349	716	344.5	186	214	0	0	173	5104	1590481329
48.650562	-3.773881	2350	716	348.2	188	216.3	0	0	169	5104	1590481338
48.641979	-3.771785	2350	716	348.2	188	216.3	0	0	169	5104	1590481345
48.61512	-3.777718	2349	716	348.2	188	216.3	0	0	183	5104	1590481372
48.610161	-3.785633	2350	716	392.6	212	244	0	0	216	5104	1590481389
48.604736	-3.795035	2349	716	363	196	225.6	0	0	216	5104	1590481401
48.623184	-3.832825	2350	716	444.5	240	276.2	0	0	325	5104	1590481430
48.631596	-3.838351	2350	716	444.5	240	276.2	0	0	334	5104	1590481437
48.635799	-3.840845	2350	716	444.5	240	276.2	0	0	334	5104	1590481444
48.651276	-3.848346	2350	716	459.3	248	285.4	0	0	345	5104	1590481458
48.6604	-3.850326	2350	716	481.5	260	299.2	0	0	350	5104	1590481472
48.670208	-3.855587	2350	716	481.5	260	299.2	0	0	350	5104	1590481478
48.700584	-3.853016	2349	716	488.9	264	303.8	0	0	12	5104	1590481500
48.708614	-3.848937	2349	716	463	250	287.7	0	0	16	5104	1590481510
48.715664	-3.842607	2350	716	433.4	234	269.3	0	0	26	5104	1590481517
48.720539	-3.834463	2350	716	414.8	224	257.8	0	0	41	5104	1590481524
48.723625	-3.825337	2350	716	396.3	214	246.3	0	0	56	5104	1590481533
48.725548	-3.814619	2350	716	370.4	200	230.2	0	0	69	5104	1590481542
48.716251	-3.787473	2350	716	357.4	193	222.1	0	0	124	5104	1590481566
48.709873	-3.779291	2400	732	376	203	233.6	64	0.3	135	5104	1590481573
48.702408	-3.772586	2400	732	401.9	217	249.7	0	0	145	5104	1590481580
48.693787	-3.767255	2400	732	426	230	264.7	0	0	154	5104	1590481588
48.684708	-3.763491	2425	739	448.2	242	278.5	256	1.3	161	5104	1590481597
48.675419	-3.760634	2475	754	385.2	208	239.4	256	1.3	166	5104	1590481605
48.665642	-3.758259	2500	762	392.6	212	244	0	0	169	5104	1590481614
48.655567	-3.756066	2458	749	407.4	220	253.2	-256	-1.3	170	5104	1590481621
48.645294	-3.753114	2424	739	407.4	220	253.2	-320	-1.6	169	5104	1590481630
48.640411	-3.753041	2425	739	407.4	220	253.2	0	0	169	5104	1590481642
48.60955	-3.776558	2425	739	407.4	220	253.2	896	4.6	216	5104	1590481664
48.604912	-3.788673	2483	757	407.4	220	253.2	448	2.3	233	5104	1590481674
48.601631	-3.802338	2484	757	407.4	220	253.2	-256	-1.3	240	5104	1590481681
48.59993	-3.816848	2425	739	490.8	265	305	-256	-1.3	255	5104	1590481688
48.606575	-3.850284	2324	708	463	250	287.7	0	0	291	5104	1590481710
48.613331	-3.859931	2325	709	470.4	254	292.3	0	0	310	5104	1590481716
48.621212	-3.866914	2377	725	474.1	256	294.6	640	3.3	325	5104	1590481725
48.625866	-3.87019	2425	739	474.1	256	294.6	512	2.6	325	5104	1590481732
48.656422	-3.854289	2399	731	470.4	254	292.3	64	0.3	44	5104	1590481761
48.660477	-3.84351	2400	732	451.9	244	280.8	0	0	56	5104	1590481774
48.656845	-3.79498	2450	747	459.3	248	285.4	0	0	111	5104	1590481801
48.651173	-3.784036	2425	739	459.3	248	285.4	-320	-1.6	123	5104	1590481809
48.64397	-3.77509	2399	731	451.9	244	280.8	0	0	135	5104	1590481816
48.635979	-3.769643	2400	732	463	250	287.7	0	0	150	5104	1590481825
48.62706	-3.765717	2375	724	463	250	287.7	-128	-0.7	159	5104	1590481832
48.622044	-3.765073	2415	736	463	250	287.7	512	2.6	159	5104	1590481838
48.592503	-3.776805	2353	717	488.9	264	303.8	-256	-1.3	195	5104	1590481860
48.578602	-3.78829	2325	709	518.6	280	322.2	320	1.6	207	5104	1590481876
48.565815	-3.798452	2339	713	496.3	268	308.4	192	1	204	5104	1590481886
48.56036	-3.803563	2375	724	526	284	326.8	448	2.3	211	5104	1590481892
48.546894	-3.815197	2400	732	514.9	278	319.9	320	1.6	208	5104	1590481900
48.533215	-3.828454	2374	724	537.1	290	333.7	0	0	212	5104	1590481912
48.519833	-3.839938	2350	716	529.7	286	329.1	-256	-1.3	211	5104	1590481924
48.507351	-3.85	2350	716	501.9	271	311.9	384	2	208	5104	1590481938
48.498322	-3.856837	2375	724	492.6	266	306.1	384	2	207	5104	1590481946
48.489594	-3.863211	2400	732	479.7	259	298.1	320	1.6	206	5104	1590481952
48.481796	-3.868763	2375	724	472.3	255	293.4	-320	-1.6	206	5104	1590481961
48.473625	-3.873955	2350	716	461.1	249	286.5	-128	-0.7	203	5104	1590481968
48.465828	-3.879069	2350	716	453.7	245	281.9	0	0	203	5104	1590481976
48.453377	-3.886939	2349	716	450	243	279.6	0	0	203	5104	1590481990
48.444641	-3.89224	2350	716	446.3	241	277.3	0	0	203	5104	1590482008
48.420921	-3.906276	2350	716	437.1	236	271.6	0	0	200	5104	1590482034
48.40564	-3.918476	2400	732	437.1	236	271.6	128	0.7	200	5104	1590482042
48.399578	-3.926479	2400	732	424.1	229	263.5	0	0	216	5104	1590482053
48.39193	-3.939389	2375	724	437.1	236	271.6	-128	-0.7	216	5104	1590482080
48.382492	-3.972665	2350	716	429.7	232	267	0	0	216	5104	1590482090
48.410824	-4.016505	2350	716	527.8	285	328	-256	-1.3	306	5104	1590482114
48.420261	-4.021573	2349	716	531.5	287	330.3	0	0	325	5104	1590482130
48.440208	-4.030659	2425	739	531.5	287	330.3	448	2.3	325	5104	1590482152
48.459091	-4.015731	2350	716	533.4	288	331.4	0	0	47	5104	1590482172
48.467056	-4.010691	2327	709	533.4	288	331.4	-64	-0.3	47	5104	1590482181
48.473644	-4.003628	2350	716	481.5	260	299.2	128	0.7	38	5104	1590482189
48.480499	-3.995608	2375	724	233.4	126	145	128	0.7	37	5104	1590482198
48.485878	-3.987342	2400	732	218.5	118	135.8	192	1	43	5104	1590482205
48.493752	-3.972951	2325	709	218.5	118	135.8	-1088	-5.5	46	5104	1590482213
48.498688	-3.962543	2225	678	218.5	118	135.8	0	0	51	5104	1590482220
48.500751	-3.958274	2154	657	222.2	120	138.1	-1152	-5.9	52	5104	1590482229
48.507118	-3.948092	2025	617	218.5	118	135.8	0	0	44	5104	1590482238
48.509865	-3.943542	1975	602	211.1	114	131.2	-512	-2.6	49	5104	1590482253
48.518196	-3.933037	1775	541	207.4	112	128.9	-768	-3.9	49	5104	1590482265
48.524242	-3.924479	1674	510	203.7	110	126.6	-448	-2.3	49	5104	1590482293
48.537651	-3.906675	1425	434	203.7	110	126.6	-512	-2.6	49	5104	1590482301
48.539776	-3.900739	1353	412	279.7	151	173.8	-320	-1.6	58	5104	1590482309
48.543041	-3.895813	1225	373	240.8	130	149.6	-1088	-5.5	53	5104	1590482318
48.545364	-3.892468	1175	358	218.5	118	135.8	0	0	46	5104	1590482325
48.548985	-3.888291	1041	317	218.5	118	135.8	-384	-2	40	5104	1590482337
48.553516	-3.882942	925	282	218.5	118	135.8	-896	-4.6	40	5104	1590482344
48.555408	-3.880862	886	270	214.8	116	133.5	-512	-2.6	36	5104	1590482354
48.558796	-3.876251	824	251	214.8	116	133.5	-384	-2	40	5104	1590482361
48.562237	-3.872548	774	236	222.2	120	138.1	-320	-1.6	36	5104	1590482372
48.567207	-3.86679	606	185	222.2	120	138.1	-832	-4.2	36	5104	1590482381
48.57341	-3.858123	475	145	222.2	120	138.1	-704	-3.6	41	5104	1590482392
48.576458	-3.853648	382	116	225.9	122	140.4	-704	-3.6	43	5104	1590482400
48.578835	-3.849562	322	98	225.9	122	140.4	-576	-2.9	46	5104	1590482412
48.585056	-3.84011	124	38	229.6	124	142.7	-832	-4.2	44	5104	1590482426
48.588783	-3.83522	50	15	229.6	124	142.7	-320	-1.6	41	5104	1590482432
48.593662	-3.83222	25	8	218.5	118	135.8	-64	-0.3	26	5104	1590482444
48.599033	-3.83419	25	8	229.6	124	142.7	0	0	266	5104	1590482450
48.613411	-3.826729	392	119	350	189	217.5	1856	9.4	95	5104	1590482473
48.61578	-3.81802	541	165	327.8	177	203.7	1024	5.2	74	5104	1590482480
48.617573	-3.806951	696	212	351.9	190	218.6	1472	7.5	75	5104	1590482488
48.619041	-3.803389	794	242	351.9	190	218.6	1408	7.2	75	5104	1590482496
48.622292	-3.797203	992	302	351.9	190	218.6	1472	7.5	75	5104	1590482505
48.628075	-3.786922	1404	428	307.4	166	191	2240	11.4	55	5104	1590482512
48.634144	-3.777416	1650	503	307.4	166	191	128	0.7	46	5104	1590482524
48.638721	-3.770877	1925	587	311.1	168	193.3	1216	6.2	43	5104	1590482534
48.643742	-3.763675	2097	639	311.1	168	193.3	1472	7.5	43	5104	1590482541
48.647953	-3.758311	2304	702	318.5	172	197.9	1984	10.1	40	5104	1590482548
48.653587	-3.750983	2375	724	337.1	182	209.4	192	1	40	5104	1590482557
48.658211	-3.74507	2400	732	351.9	190	218.6	0	0	40	5104	1590482564
48.663643	-3.73822	2449	746	359.3	194	223.3	320	1.6	39	5104	1590482572
48.671444	-3.728721	2450	747	381.5	206	237.1	0	0	38	5104	1590482584
48.681103	-3.717043	2425	739	407.4	220	253.2	0	0	38	5104	1590482602
48.690193	-3.707966	2432	741	361.1	195	224.4	64	0.3	35	5104	1590482610
48.697975	-3.703266	2375	724	379.7	205	235.9	-384	-2	28	5104	1590482618
48.702118	-3.70265	2375	724	383.4	207	238.2	0	0	15	5104	1590482626
48.712883	-3.70219	2349	716	377.8	204	234.8	0	0	11	5104	1590482638
48.724152	-3.708172	2375	724	377.8	204	234.8	0	0	11	5104	1590482645
48.738483	-3.749503	2375	724	437.1	236	271.6	0	0	286	5104	1590482672
48.738411	-3.756497	2375	724	437.1	236	271.6	0	0	286	5104	1590482678
48.736454	-3.770668	2326	709	438.9	237	272.7	-640	-3.3	271	5104	1590482684
48.734406	-3.776873	2325	709	463	250	287.7	0	0	254	5104	1590482690
48.729122	-3.788828	2350	716	470.4	254	292.3	448	2.3	241	5104	1590482697
48.721897	-3.798889	2349	716	466.7	252	290	0	0	227	5104	1590482704
48.713463	-3.805626	2325	709	472.3	255	293.4	-192	-1	212	5104	1590482712
48.703796	-3.809324	2350	716	476	257	295.8	64	0.3	199	5104	1590482722
48.694466	-3.808825	2358	719	500	270	310.7	-320	-1.6	182	5104	1590482728
48.684258	-3.806617	2371	723	485.2	262	301.5	256	1.3	173	5104	1590482736
48.67445	-3.801614	2396	730	498.2	269	309.6	256	1.3	164	5104	1590482745
48.664822	-3.795076	2425	739	403.7	218	250.9	256	1.3	157	5104	1590482753
48.6558	-3.787288	2450	747	403.7	218	250.9	0	0	151	5104	1590482762
48.646442	-3.778774	2450	747	407.4	220	253.2	320	1.6	148	5104	1590482770
48.637562	-3.770525	2449	746	407.4	220	253.2	0	0	148	5104	1590482778
48.628643	-3.762204	2425	739	407.4	220	253.2	0	0	148	5104	1590482785
48.621181	-3.758404	2377	725	407.4	220	253.2	-448	-2.3	157	5104	1590482797
48.596992	-3.770813	2418	737	429.7	232	267	256	1.3	218	5104	1590482821
48.593971	-3.788389	2475	754	437.1	236	271.6	320	1.6	244	5104	1590482833
48.599388	-3.828701	2350	716	448.2	242	278.5	-320	-1.6	283	5104	1590482856
48.607677	-3.848467	2388	728	490.8	265	305	320	1.6	301	5104	1590482870
48.615067	-3.860809	2380	725	509.3	275	316.5	-256	-1.3	310	5104	1590482877
48.623726	-3.871395	2375	724	527.8	285	328	0	0	319	5104	1590482884
48.633476	-3.880275	2375	724	538.9	291	334.9	0	0	326	5104	1590482893
48.643803	-3.886798	2375	724	544.5	294	338.3	192	1	335	5104	1590482900
48.654545	-3.891262	2375	724	548.2	296	340.6	0	0	342	5104	1590482909
48.665241	-3.893958	2375	724	550	297	341.8	0	0	348	5104	1590482916
48.686447	-3.89969	2425	739	418.6	226	260.1	0	0	85	5104	1590482932
48.696636	-3.898643	2424	739	542.6	293	337.2	0	0	23	5104	1590482940
48.706959	-3.896443	2424	739	411.1	222	255.5	0	0	11	5104	1590482948
48.716885	-3.892076	2424	739	526	284	326.8	0	0	14	5104	1590482958
48.725914	-3.885666	2425	739	507.4	274	315.3	0	0	22	5104	1590482965
48.733398	-3.877345	2425	739	496.3	268	308.4	0	0	32	5104	1590482973
48.736961	-3.872352	2425	739	496.3	268	308.4	0	0	32	5104	1590482982
48.743153	-3.86791	2425	739	496.3	268	308.4	0	0	32	5104	1590482990
48.74522	-3.851796	2425	739	526	284	326.8	0	0	63	5104	1590482997
48.740585	-3.805933	2425	739	533.4	288	331.4	0	0	101	5104	1590483021
48.735031	-3.792551	2399	731	511.2	276	317.6	-256	-1.3	110	5104	1590483029
48.727497	-3.782229	2425	739	513	277	318.8	0	0	125	5104	1590483038
48.718578	-3.773112	2425	739	514.9	278	319.9	0	0	137	5104	1590483045
48.708824	-3.766763	2401	732	529.7	286	329.1	-320	-1.6	149	5104	1590483052
48.704128	-3.765067	2400	732	538.9	291	334.9	0	0	157	5104	1590483058
48.693005	-3.758622	2400	732	422.3	228	262.4	0	0	158	5104	1590483064
48.68251	-3.755596	2400	732	418.6	226	260.1	0	0	166	5104	1590483073
48.671612	-3.752681	2425	739	418.6	226	260.1	256	1.3	168	5104	1590483081
48.655132	-3.749404	2400	732	418.6	226	260.1	-320	-1.6	170	5104	1590483092
48.644569	-3.748061	2400	732	422.3	228	262.4	0	0	173	5104	1590483101
48.614113	-3.752881	2400	732	422.3	228	262.4	0	0	187	5104	1590483125
48.604958	-3.757634	2400	732	422.3	228	262.4	0	0	194	5104	1590483132
48.595798	-3.763194	2400	732	422.3	228	262.4	0	0	200	5104	1590483141
48.587566	-3.769499	2400	732	422.3	228	262.4	0	0	203	5104	1590483148
48.579456	-3.776514	2400	732	422.3	228	262.4	0	0	206	5104	1590483158
48.570953	-3.783998	2400	732	422.3	228	262.4	0	0	209	5104	1590483165
48.562778	-3.791528	2400	732	422.3	228	262.4	0	0	211	5104	1590483172
48.554047	-3.799488	2400	732	422.3	228	262.4	0	0	212	5104	1590483181
48.546528	-3.806766	2400	732	422.3	228	262.4	0	0	213	5104	1590483188
48.538197	-3.81438	2400	732	422.3	228	262.4	0	0	212	5104	1590483196
48.526859	-3.824794	2401	732	422.3	228	262.4	-320	-1.6	211	5104	1590483208
48.507095	-3.841336	2400	732	422.3	228	262.4	0	0	211	5104	1590483229
48.496254	-3.85026	2400	732	422.3	228	262.4	0	0	210	5104	1590483245
48.484383	-3.858956	2400	732	422.3	228	262.4	-64	-0.3	210	5104	1590483254
48.477123	-3.864472	2400	732	422.3	228	262.4	0	0	206	5104	1590483262
48.46957	-3.870033	2400	732	422.3	228	262.4	0	0	206	5104	1590483268
48.46233	-3.875288	2400	732	422.3	228	262.4	0	0	206	5104	1590483278
48.453938	-3.881394	2425	739	422.3	228	262.4	128	0.7	206	5104	1590483284
48.446354	-3.886785	2400	732	422.3	228	262.4	0	0	206	5104	1590483292
48.437626	-3.892952	2400	732	422.3	228	262.4	-192	-1	206	5104	1590483306
48.429943	-3.898271	2425	739	422.3	228	262.4	128	0.7	206	5104	1590483321
48.415104	-3.909534	2400	732	422.3	228	262.4	-64	-0.3	206	5104	1590483328
48.404694	-3.920647	2400	732	422.3	228	262.4	0	0	211	5104	1590483342
48.396702	-3.935018	2400	732	422.3	228	262.4	0	0	211	5104	1590483350
48.395088	-3.940736	2400	732	426	230	264.7	0	0	237	5104	1590483358
48.394993	-3.981527	2400	732	431.5	233	268.1	0	0	280	5104	1590483389
48.4006	-4.002215	2400	732	431.5	233	268.1	0	0	280	5104	1590483396
48.405613	-4.006299	2400	732	501.9	271	311.9	0	0	316	5104	1590483405
48.411415	-4.013954	2400	732	448.2	242	278.5	0	0	318	5104	1590483414
48.431778	-4.019336	2400	732	524.1	283	325.7	0	0	82	5104	1590483428
48.463245	-4.011044	2400	732	477.8	258	296.9	-384	-2	91	5104	1590483465
48.473724	-4.004602	2350	716	477.8	258	296.9	-192	-1	91	5104	1590483472
48.484451	-3.989101	2425	739	470.4	254	292.3	0	0	50	5104	1590483480
48.489883	-3.988033	2450	747	240.8	130	149.6	256	1.3	18	5104	1590483489
48.495998	-3.976431	2442	744	229.6	124	142.7	-64	-0.3	42	5104	1590483497
48.501411	-3.966425	2350	716	229.6	124	142.7	-768	-3.9	46	5104	1590483504
48.503349	-3.962332	2350	716	225.9	122	140.4	0	0	50	5104	1590483514
48.511189	-3.950778	2175	663	225.9	122	140.4	0	0	41	5104	1590483530
48.52322	-3.933002	1799	548	214.8	116	133.5	-1536	-7.8	47	5104	1590483558
48.535397	-3.915254	1500	457	214.8	116	133.5	-1472	-7.5	47	5104	1590483565
48.537098	-3.909015	1400	427	211.1	114	131.2	-1280	-6.5	62	5104	1590483572
48.539471	-3.903316	1350	411	290.8	157	180.7	-704	-3.6	58	5104	1590483580
48.540833	-3.900811	1325	404	255.6	138	158.8	-320	-1.6	54	5104	1590483593
48.54744	-3.892343	1150	351	255.6	138	158.8	-896	-4.6	54	5104	1590483604
48.552448	-3.887112	1000	305	255.6	138	158.8	-384	-2	54	5104	1590483617
48.558174	-3.881994	950	290	255.6	138	158.8	0	0	54	5104	1590483625
48.559586	-3.880982	850	259	214.8	116	133.5	-1600	-8.1	32	5104	1590483632
48.564289	-3.876003	824	251	214.8	116	133.5	0	0	33	5104	1590483640
48.567318	-3.872139	796	243	225.9	122	140.4	-448	-2.3	36	5104	1590483649
48.570065	-3.868241	700	213	225.9	122	140.4	0	0	39	5104	1590483656
48.572918	-3.863498	625	191	225.9	122	140.4	-192	-1	42	5104	1590483664
48.575932	-3.858745	475	145	225.9	122	140.4	-1216	-6.2	46	5104	1590483673
48.578815	-3.853828	390	119	225.9	122	140.4	-448	-2.3	46	5104	1590483681
48.583572	-3.846195	184	56	222.2	120	138.1	-640	-3.3	44	5104	1590483692
48.586872	-3.841839	149	45	218.5	118	135.8	-320	-1.6	42	5104	1590483700
48.589706	-3.837315	71	22	218.5	118	135.8	-384	-2	42	5104	1590483708
48.594418	-3.834118	0	0	214.8	116	133.5	-1024	-5.2	29	5104	1590483717
48.598484	-3.831641	25	8	211.1	114	131.2	-1024	-5.2	23	5104	1590483724
48.602585	-3.830451	25	8	218.5	118	135.8	0	0	13	5104	1590483732
48.605072	-3.824629	0	0	222.2	120	138.1	-640	-3.3	46	5104	1590483741
48.607849	-3.818864	18	5	237.1	128	147.3	-640	-3.3	51	5104	1590483748
48.610806	-3.811798	221	67	233.4	126	145	1472	7.5	55	5104	1590483758
48.613651	-3.805615	549	167	248.2	134	154.2	1792	9.1	55	5104	1590483769
48.616367	-3.801031	775	236	296.3	160	184.1	1664	8.5	49	5104	1590483788
48.626144	-3.785986	1024	312	303.7	164	188.7	0	0	49	5104	1590483796
48.630238	-3.780209	1213	370	296.3	160	184.1	512	2.6	42	5104	1590483804
48.634262	-3.774723	1550	472	292.6	158	181.8	1664	8.5	42	5104	1590483812
48.640526	-3.765973	1876	572	292.6	158	181.8	1408	7.2	41	5104	1590483830
48.646996	-3.757673	2181	665	288.9	156	179.5	1920	9.8	41	5104	1590483837
48.649563	-3.754351	2281	695	292.6	158	181.8	1280	6.5	39	5104	1590483844
48.656166	-3.745897	2524	769	300	162	186.4	704	3.6	39	5104	1590483852
48.663048	-3.737525	2525	770	348.2	188	216.3	0	0	37	5104	1590483864
48.671093	-3.727647	2425	739	370.4	200	230.2	-384	-2	38	5104	1590483877
48.67643	-3.721026	2400	732	385.2	208	239.4	0	0	38	5104	1590483884
48.682453	-3.714065	2375	724	403.7	218	250.9	0	0	38	5104	1590483892
48.692894	-3.705083	2375	724	364.8	197	226.7	0	0	29	5104	1590483904
48.700218	-3.701763	2350	716	381.5	206	237.1	-320	-1.6	19	5104	1590483913
48.708065	-3.702767	2375	724	383.4	207	238.2	384	2	271	5104	1590483920
48.716286	-3.704333	2375	724	392.6	212	244	0	0	332	5104	1590483928
48.7244	-3.708988	2375	724	405.6	219	252	0	0	338	5104	1590483936
48.727737	-3.712645	2375	724	405.6	219	252	0	0	338	5104	1590483942
48.734093	-3.721987	2375	724	413	223	256.6	0	0	327	5104	1590483949
48.738544	-3.735691	2375	724	446.3	241	277.3	0	0	307	5104	1590483958
48.7411	-3.749153	2375	724	444.5	240	276.2	0	0	297	5104	1590483964
48.741402	-3.763127	2375	724	466.7	252	290	0	0	282	5104	1590483972
48.739548	-3.77747	2375	724	464.9	251	288.8	0	0	270	5104	1590483981
48.735348	-3.790844	2374	724	470.4	254	292.3	0	0	258	5104	1590483988
48.729225	-3.802469	2375	724	481.5	260	299.2	0	0	242	5104	1590484000
48.719215	-3.814876	2375	724	481.5	260	299.2	0	0	242	5104	1590484009
48.708923	-3.81855	2400	732	526	284	326.8	384	2	210	5104	1590484016
48.703457	-3.820009	2374	724	522.3	282	324.5	-320	-1.6	195	5104	1590484022
48.693085	-3.81876	2375	724	527.8	285	328	0	0	180	5104	1590484028
48.688114	-3.817439	2375	724	527.8	285	328	0	0	180	5104	1590484038
48.675007	-3.812347	2375	724	527.8	285	328	0	0	180	5104	1590484045
48.664448	-3.803796	2375	724	414.8	224	257.8	0	0	159	5104	1590484052
48.654842	-3.794531	2375	724	418.6	226	260.1	0	0	150	5104	1590484062
48.646042	-3.785247	2374	724	418.6	226	260.1	0	0	147	5104	1590484068
48.637104	-3.777231	2374	724	557.5	301	346.4	0	0	146	5104	1590484078
48.627697	-3.770652	2375	724	533.4	288	331.4	0	0	150	5104	1590484085
48.618355	-3.766313	2375	724	518.6	280	322.2	0	0	155	5104	1590484092
48.609436	-3.765266	2375	724	496.3	268	308.4	0	0	165	5104	1590484101
48.589245	-3.781318	2375	724	420.4	227	261.2	0	0	210	5104	1590484124
48.585526	-3.792174	2375	724	414.8	224	257.8	0	0	229	5104	1590484132
48.583755	-3.805002	2375	724	444.5	240	276.2	0	0	247	5104	1590484141
48.590416	-3.838588	2375	724	453.7	245	281.9	0	0	291	5104	1590484161
48.596996	-3.850365	2375	724	472.3	255	293.4	0	0	306	5104	1590484169
48.605083	-3.860036	2375	724	490.8	265	305	0	0	318	5104	1590484176
48.614605	-3.867617	2375	724	501.9	271	311.9	0	0	329	5104	1590484185
48.62476	-3.872932	2375	724	522.3	282	324.5	0	0	338	5104	1590484193
48.635777	-3.877359	2375	724	535.2	289	332.6	0	0	344	5104	1590484200
48.641018	-3.878707	2375	724	535.2	289	332.6	0	0	344	5104	1590484210
48.65575	-3.883775	2374	724	535.2	289	332.6	0	0	344	5104	1590484216
48.667538	-3.885327	2375	724	564.9	305	351	0	0	353	5104	1590484225
48.678242	-3.886631	2375	724	576	311	357.9	0	0	355	5104	1590484232
48.68388	-3.8875	2375	724	559.3	302	347.5	0	0	355	5104	1590484238
48.694534	-3.888559	2375	724	550	297	341.8	0	0	356	5104	1590484244
48.705036	-3.888809	2374	724	537.1	290	333.7	0	0	89	5104	1590484254
48.714886	-3.887294	2375	724	522.3	282	324.5	0	0	26	5104	1590484261
48.724358	-3.883735	2374	724	505.6	273	314.2	0	0	16	5104	1590484268
48.732319	-3.877873	2374	724	487.1	263	302.7	0	0	22	5104	1590484277
48.739082	-3.871559	2374	724	446.3	241	277.3	0	0	28	5104	1590484284
48.744358	-3.861357	2375	724	437.1	236	271.6	0	0	54	5104	1590484294
48.747581	-3.849091	2374	724	438.9	237	272.7	0	0	62	5104	1590484300
48.748608	-3.836036	2375	724	448.2	242	278.5	0	0	77	5104	1590484308
48.739708	-3.798937	2375	724	444.5	240	276.2	0	0	116	5104	1590484332
48.736393	-3.793026	2375	724	444.5	240	276.2	0	0	116	5104	1590484340
48.726646	-3.779384	2375	724	444.5	240	276.2	0	0	116	5104	1590484348
48.715759	-3.77165	2375	724	511.2	276	317.6	0	0	143	5104	1590484358
48.704891	-3.765739	2374	724	422.3	228	262.4	0	0	153	5104	1590484365
48.694096	-3.761176	2375	724	422.3	228	262.4	0	0	159	5104	1590484372
48.683136	-3.757286	2375	724	422.3	228	262.4	0	0	163	5104	1590484381
48.66711	-3.752846	2375	724	422.3	228	262.4	0	0	168	5104	1590484394
48.656071	-3.750599	2375	724	426	230	264.7	0	0	171	5104	1590484402
48.645203	-3.749241	2375	724	426	230	264.7	0	0	174	5104	1590484409
48.615376	-3.757152	2375	724	426	230	264.7	0	0	196	5104	1590484432
48.607132	-3.764814	2375	724	426	230	264.7	0	0	208	5104	1590484440
48.600468	-3.774939	2375	724	426	230	264.7	0	0	221	5104	1590484449
48.59576	-3.787019	2374	724	426	230	264.7	0	0	235	5104	1590484456
48.592854	-3.800985	2375	724	476	257	295.8	0	0	248	5104	1590484465
48.599014	-3.842716	2449	746	477.8	258	296.9	0	0	291	5104	1590484489
48.605408	-3.853973	2574	785	485.2	262	301.5	768	3.9	306	5104	1590484496
48.613365	-3.863658	2700	823	490.8	265	305	320	1.6	318	5104	1590484504
48.6222	-3.872226	2899	884	509.3	275	316.5	1152	5.9	325	5104	1590484512
48.631413	-3.880605	2949	899	520.4	281	323.4	-128	-0.7	328	5104	1590484521
48.640423	-3.889704	2950	899	526	284	326.8	0	0	327	5104	1590484529
48.648563	-3.899618	2925	892	522.3	282	324.5	0	0	323	5104	1590484536
48.654953	-3.910574	2900	884	505.6	273	314.2	-64	-0.3	314	5104	1590484545
48.659321	-3.922415	2874	876	479.7	259	298.1	-320	-1.6	303	5104	1590484552
48.661274	-3.933694	2874	876	450	243	279.6	0	0	289	5105	1590484560
48.661369	-3.945907	2875	876	424.1	229	263.5	0	0	275	5105	1590484568
48.659477	-3.956502	2874	876	409.3	221	254.3	0	0	260	5105	1590484576
48.656456	-3.967747	2875	876	407.4	220	253.2	0	0	251	5105	1590484586
48.652504	-3.979546	2875	876	407.4	220	253.2	0	0	245	5105	1590484592
48.648064	-3.990392	2875	876	422.3	228	262.4	0	0	240	5105	1590484602
48.643291	-4.001696	2875	876	429.7	232	267	0	0	238	5105	1590484609
48.638405	-4.01292	2875	876	435.2	235	270.4	0	0	237	5105	1590484616
48.633739	-4.023218	2875	876	431.5	233	268.1	0	0	236	5105	1590484626
48.627228	-4.039375	2875	876	427.8	231	265.8	0	0	239	5105	1590484637
48.622974	-4.050053	2875	876	426	230	264.7	0	0	239	5105	1590484644
48.617294	-4.066714	2875	876	416.7	225	258.9	0	0	242	5105	1590484656
48.615562	-4.072226	2875	876	416.7	225	258.9	0	0	242	5105	1590484665
48.611202	-4.088535	2875	876	416.7	225	258.9	0	0	242	5105	1590484672
48.608006	-4.100014	2875	876	413	223	256.6	0	0	245	5105	1590484680
48.604664	-4.111941	2875	876	409.3	221	254.3	0	0	247	5105	1590484688
48.601753	-4.123366	2875	876	407.4	220	253.2	0	0	247	5105	1590484701
48.596264	-4.145762	2875	876	400	216	248.6	0	0	250	5105	1590484712
48.593784	-4.156439	2875	876	394.5	213	245.1	0	0	250	5105	1590484722
48.591339	-4.167386	2875	876	390.8	211	242.8	0	0	251	5105	1590484741
48.585072	-4.194449	2875	876	390.8	211	242.8	0	0	251	5105	1590484749
48.58276	-4.205942	2875	876	381.5	206	237.1	0	0	253	5105	1590484757
48.581573	-4.211318	2875	876	376	203	233.6	0	0	253	5105	1590484773
48.576775	-4.232621	2875	876	376	203	233.6	0	0	253	5105	1590484786
48.573223	-4.248782	2875	876	376	203	233.6	0	0	253	5105	1590484792
48.571064	-4.25898	2875	876	372.3	201	231.3	0	0	253	5105	1590484808
48.565273	-4.285629	2875	876	372.3	201	231.3	0	0	253	5105	1590484816
48.561436	-4.29718	2875	876	363	196	225.6	0	0	253	5105	1590484830
48.558201	-4.313424	2874	876	363	196	225.6	0	0	253	5105	1590484838
48.557171	-4.318865	2875	876	357.4	193	222.1	0	0	254	5105	1590484852
48.551952	-4.344488	2875	876	357.4	193	222.1	0	0	254	5105	1590484869
48.547562	-4.365514	2875	876	357.4	193	222.1	0	0	254	5105	1590484882
48.544464	-4.381451	2875	876	357.4	193	222.1	0	0	254	5105	1590484889
48.543064	-4.387617	2875	876	361.1	195	224.4	0	0	254	5105	1590484900
48.540051	-4.402152	2875	876	361.1	195	224.4	0	0	254	5105	1590484916
48.534595	-4.423594	2875	876	361.1	195	224.4	0	0	254	5105	1590484924
48.529976	-4.444694	2875	876	363	196	225.6	0	0	255	5105	1590484938
48.527824	-4.455276	2875	876	364.8	197	226.7	0	0	253	5105	1590484945
48.525826	-4.465982	2875	876	366.7	198	227.9	0	0	254	5105	1590484952
48.52478	-4.471118	2875	876	366.7	198	227.9	0	0	254	5105	1590484960
48.521439	-4.486979	2875	876	366.7	198	227.9	0	0	254	5105	1590484972
48.518196	-4.502847	2875	876	366.7	198	227.9	320	1.6	254	5105	1590484980
48.517925	-4.505192	2875	876	322.2	174	200.2	0	0	255	5105	1590484989
48.515194	-4.521415	2900	884	340.8	184	211.7	0	0	255	5105	1590484996
48.51437	-4.528115	2925	892	359.3	194	223.3	256	1.3	258	5105	1590485006
48.511467	-4.545424	2932	894	370.4	200	230.2	64	0.3	255	5105	1590485012
48.509109	-4.55714	2975	907	385.2	208	239.4	256	1.3	256	5105	1590485020
48.505424	-4.573268	2950	899	390.8	211	242.8	-384	-2	252	5105	1590485034
48.502251	-4.585214	2950	899	388.9	210	241.7	0	0	249	5105	1590485048
48.49538	-4.607746	2899	884	388.9	210	241.7	-256	-1.3	249	5105	1590485061
48.491482	-4.619103	2925	892	388.9	210	241.7	128	0.7	249	5105	1590485073
48.486694	-4.634765	2975	907	388.9	210	241.7	256	1.3	249	5105	1590485100
48.475803	-4.679405	2875	876	388.9	210	241.7	0	0	249	5105	1590485109
48.474323	-4.685874	2862	872	403.7	218	250.9	-128	-0.7	251	5105	1590485157
48.444324	-4.736757	2525	770	403.7	218	250.9	0	0	251	5105	1590485173
48.434788	-4.739843	2475	754	403.7	218	250.9	-192	-1	251	5105	1590485196
48.411476	-4.734774	2475	754	403.7	218	250.9	-256	-1.3	251	5105	1590485220
48.397667	-4.728931	2250	686	403.7	218	250.9	-640	-3.3	251	5105	1590485237
48.388725	-4.715083	1925	587	403.7	218	250.9	-1152	-5.9	251	5105	1590485254
48.385166	-4.696362	1675	511	403.7	218	250.9	-896	-4.6	251	5105	1590485274
48.382847	-4.672154	1675	511	403.7	218	250.9	0	0	251	5105	1590485282
48.393208	-4.617799	1475	450	244.5	132	151.9	0	0	74	5105	1590485306
48.394539	-4.60545	1375	419	240.8	130	149.6	-576	-2.9	78	5105	1590485318
48.396664	-4.590915	1400	427	237.1	128	147.3	64	0.3	78	5105	1590485326
48.399361	-4.579573	1450	442	237.1	128	147.3	320	1.6	72	5105	1590485337
48.405724	-4.55961	1375	419	214.8	116	133.5	-1024	-5.2	72	5105	1590485344
48.409691	-4.548652	1250	381	214.8	116	133.5	-768	-3.9	60	5105	1590485354
48.411598	-4.542913	1200	366	274.1	148	170.3	-576	-2.9	60	5105	1590485528
48.456158	-4.374444	1375	419	311.1	168	193.3	384	2	60	5105	1590485566
48.459984	-4.363061	1425	434	340.8	184	211.7	0	0	63	5105	1590485624
48.473824	-4.307975	1450	442	340.8	184	211.7	0	0	63	5105	1590485636
48.477993	-4.291259	1467	447	344.5	186	214	64	0.3	63	5105	1590485646
48.480556	-4.279388	1500	457	344.5	186	214	192	1	69	5105	1590485653
48.482613	-4.269306	1483	452	351.9	190	218.6	-128	-0.7	71	5105	1590485661
48.484951	-4.25791	1475	450	359.3	194	223.3	0	0	71	5105	1590485681
48.491646	-4.226365	1475	450	359.3	194	223.3	576	2.9	71	5105	1590485692
48.495098	-4.21057	1425	434	363	196	225.6	-320	-1.6	71	5105	1590485702
48.496628	-4.203327	1425	434	363	196	225.6	0	0	71	5105	1590485708
48.498646	-4.193861	1425	434	366.7	198	227.9	0	0	71	5105	1590485716
48.503853	-4.171189	1425	434	363	196	225.6	-192	-1	70	5105	1590485737
48.506676	-4.155874	1375	419	385.2	208	239.4	-256	-1.3	70	5105	1590485765
48.496834	-4.124173	1600	488	385.2	208	239.4	960	4.9	70	5105	1590485813
48.484352	-4.134916	1500	457	385.2	208	239.4	-128	-0.7	70	5105	1590485884
48.468792	-4.223122	1400	427	385.2	208	239.4	-64	-0.3	70	5105	1590485929
48.462627	-4.313746	1425	434	385.2	208	239.4	0	0	70	5105	1590485960
48.460957	-4.405146	1400	427	385.2	208	239.4	0	0	70	5105	1590485982
48.459629	-4.467275	1375	419	385.2	208	239.4	-192	-1	70	5105	1590486008
48.460285	-4.503576	1400	427	385.2	208	239.4	0	0	70	5105	1590486016
48.461227	-4.558688	1425	434	511.2	276	317.6	0	0	259	5105	1590486053
48.461159	-4.581242	1400	427	511.2	276	317.6	-64	-0.3	259	5105	1590486068
48.461559	-4.608322	1425	434	511.2	276	317.6	64	0.3	259	5105	1590486109
48.461807	-4.67501	1400	427	511.2	276	317.6	0	0	259	5105	1590486144
48.455475	-4.728916	1400	427	511.2	276	317.6	0	0	259	5105	1590486213
48.419334	-4.755315	1425	434	511.2	276	317.6	0	0	259	5105	1590486237
48.396999	-4.696342	1400	427	824.1	445	512.1	0	0	145	5105	1590486249
48.395412	-4.687973	1400	427	824.1	445	512.1	0	0	145	5105	1590486261
48.392509	-4.681665	1400	427	824.1	445	512.1	0	0	145	5105	1590486272
48.390862	-4.673172	1400	427	824.1	445	512.1	0	0	145	5105	1590486280
48.391094	-4.663309	1400	427	620.4	335	385.5	0	0	101	5105	1590486304
48.396374	-4.623965	1425	434	742.7	401	461.5	0	0	76	5105	1590486321
48.398697	-4.612749	1450	442	244.5	132	151.9	128	0.7	73	5105	1590486329
48.402905	-4.594116	1400	427	229.6	124	142.7	-64	-0.3	73	5105	1590486338
48.406357	-4.580355	1410	430	214.8	116	133.5	-256	-1.3	69	5105	1590486348
48.408264	-4.571089	1375	419	211.1	114	131.2	-256	-1.3	69	5105	1590486397
48.416431	-4.527158	775	236	203.7	110	126.6	-704	-3.6	69	5105	1590486494
48.436565	-4.449228	525	160	203.7	110	126.6	-128	-0.7	69	5105	1590486534
48.44614	-4.414544	1225	373	333.4	180	207.1	1024	5.2	69	5105	1590486557
48.45253	-4.390089	1424	434	348.2	188	216.3	448	2.3	69	5105	1590486566
48.455181	-4.380969	1375	419	344.5	186	214	-384	-2	66	5105	1590486580
48.459145	-4.364779	1375	419	329.7	178	204.8	0	0	66	5105	1590486609
48.466396	-4.334435	1500	457	340.8	184	211.7	256	1.3	66	5105	1590486642
48.47876	-4.282894	1375	419	340.8	184	211.7	0	0	69	5105	1590486656
48.482197	-4.267963	1425	434	329.7	178	204.8	384	2	70	5105	1590486666
48.484898	-4.256859	1450	442	337.1	182	209.4	0	0	69	5105	1590486684
48.489346	-4.237688	1400	427	337.1	182	209.4	-128	-0.7	69	5105	1590486698
48.492901	-4.222126	1400	427	333.4	180	207.1	0	0	69	5105	1590486706
48.495697	-4.211364	1400	427	400	216	248.6	0	0	68	5105	1590486736
48.501938	-4.173612	1325	404	400	216	248.6	-128	-0.7	68	5105	1590486804
48.484024	-4.149141	1399	426	400	216	248.6	64	0.3	68	5105	1590486866
48.47496	-4.23044	1400	427	661.2	357	410.8	0	0	215	5105	1590486889
48.471764	-4.2539	1400	427	661.2	357	410.8	0	0	215	5105	1590486897
48.468468	-4.270055	1400	427	611.2	330	379.8	0	0	243	5105	1590486914
48.461849	-4.284813	1400	427	611.2	330	379.8	0	0	243	5105	1590486964
48.445118	-4.289112	1400	427	611.2	330	379.8	0	0	243	5105	1590486974
48.439529	-4.281352	1399	426	507.4	274	315.3	0	0	163	5105	1590487021
48.450199	-4.263952	1400	427	507.4	274	315.3	0	0	163	5105	1590487033
48.455338	-4.261747	1399	426	507.4	274	315.3	0	0	163	5105	1590487042
48.463463	-4.264468	1400	427	331.5	179	206	0	0	332	5105	1590487125
48.472103	-4.343797	1400	427	331.5	179	206	0	0	332	5105	1590487144
48.473091	-4.371661	1400	427	331.5	179	206	0	0	332	5105	1590487152
48.473248	-4.38949	1400	427	442.6	239	275	0	0	286	5105	1590487164
48.473461	-4.408883	1400	427	442.6	239	275	0	0	286	5105	1590487201
48.47319	-4.489069	1400	427	509.3	275	316.5	0	0	271	5105	1590487222
48.47245	-4.512136	1400	427	509.3	275	316.5	-384	-2	271	5105	1590487233
48.472336	-4.525272	1400	427	509.3	275	316.5	0	0	271	5105	1590487240
48.471569	-4.546343	1400	427	483.4	261	300.4	0	0	268	5105	1590487248
48.471249	-4.553146	1400	427	481.5	260	299.2	0	0	266	5105	1590487256
48.470875	-4.565781	1400	427	459.3	248	285.4	0	0	267	5105	1590487273
48.47052	-4.589159	1399	426	459.3	248	285.4	0	0	267	5105	1590487310
48.469048	-4.645067	1425	434	459.3	248	285.4	0	0	267	5105	1590487332
48.467556	-4.680498	1400	427	459.3	248	285.4	0	0	267	5105	1590487344
48.465675	-4.698866	1400	427	459.3	248	285.4	0	0	267	5105	1590487372
48.456131	-4.732053	1400	427	459.3	248	285.4	0	0	267	5105	1590487381
48.449104	-4.735095	1400	427	422.3	228	262.4	0	0	214	5105	1590487454
48.414417	-4.750898	1400	427	422.3	228	262.4	0	0	214	5105	1590487470
48.403614	-4.719498	1400	427	422.3	228	262.4	0	0	214	5105	1590487480
48.397156	-4.682242	1475	450	422.3	228	262.4	896	4.6	214	5105	1590487497
48.394314	-4.640503	1400	427	385.2	208	239.4	0	0	121	5105	1590487521
48.396313	-4.626361	1400	427	429.7	232	267	0	0	88	5105	1590487532
48.397785	-4.611258	1400	427	240.8	130	149.6	0	0	86	5105	1590487553
48.398678	-4.59768	1400	427	218.5	118	135.8	0	0	86	5105	1590487584
48.402836	-4.567769	1175	358	211.1	114	131.2	-384	-2	86	5105	1590487594
48.413067	-4.541967	996	304	433.4	234	269.3	-384	-2	60	5105	1590487610
48.414986	-4.533562	925	282	277.8	150	172.6	-512	-2.6	68	5105	1590487756
48.447552	-4.403254	1135	346	366.7	198	227.9	1088	5.5	68	5105	1590487813
48.461777	-4.34911	1400	427	370.4	200	230.2	0	0	67	5105	1590487829
48.466022	-4.33273	1375	419	374.1	202	232.5	0	0	67	5105	1590487840
48.468658	-4.323436	1375	419	374.1	202	232.5	0	0	67	5105	1590487848
48.474537	-4.301291	1374	419	370.4	200	230.2	0	0	68	5105	1590487866
48.480026	-4.279818	1375	419	370.4	200	230.2	0	0	68	5105	1590487881
48.483543	-4.263947	1375	419	370.4	200	230.2	0	0	70	5105	1590487888
48.485195	-4.257843	1375	419	366.7	198	227.9	0	0	69	5105	1590487900
48.488968	-4.242237	1375	419	370.4	200	230.2	0	0	69	5105	1590487917
48.49387	-4.221009	1375	419	366.7	198	227.9	0	0	69	5105	1590487924
48.496426	-4.209303	1374	419	398.2	215	247.4	0	0	70	5105	1590488042
48.470329	-4.175357	1375	419	398.2	215	247.4	0	0	70	5105	1590488066
48.462696	-4.216616	1375	419	601.9	325	374	0	0	205	5105	1590488097
48.464188	-4.234081	1374	419	601.9	325	374	0	0	205	5105	1590488156
48.463509	-4.271622	1375	419	601.9	325	374	0	0	205	5105	1590488180
48.450474	-4.316503	1375	419	601.9	325	374	0	0	205	5105	1590488206
48.442142	-4.327253	1400	427	601.9	325	374	64	0.3	205	5105	1590488213
48.437252	-4.326689	1375	419	457.4	247	284.2	-128	-0.7	182	5105	1590488229
48.431572	-4.324672	1375	419	457.4	247	284.2	0	0	182	5105	1590488237
48.427979	-4.318042	1375	419	370.4	200	230.2	0	0	142	5105	1590488248
48.424995	-4.309908	1375	419	370.4	200	230.2	0	0	142	5105	1590488257
48.42326	-4.300607	1375	419	340.8	184	211.7	0	0	114	5105	1590488277
48.420719	-4.285795	1375	419	340.8	184	211.7	0	0	114	5105	1590488293
48.42141	-4.267435	1375	419	340.8	184	211.7	0	0	114	5105	1590488304
48.423706	-4.248727	1375	419	340.8	184	211.7	0	0	114	5105	1590488329
48.427464	-4.219815	1375	419	340.8	184	211.7	0	0	114	5105	1590488344
48.433178	-4.195225	1375	419	340.8	184	211.7	0	0	114	5105	1590488356
48.447968	-4.160769	1375	419	477.8	258	296.9	0	0	66	5105	1590488377
48.454178	-4.148519	1375	419	477.8	258	296.9	0	0	66	5105	1590488384
48.46402	-4.140142	1375	419	433.4	234	269.3	0	0	43	5105	1590488400
48.476791	-4.135022	1375	419	433.4	234	269.3	256	1.3	43	5105	1590488417
48.48344	-4.135629	1400	427	433.4	234	269.3	128	0.7	43	5105	1590488426
48.489418	-4.140481	1525	465	377.8	204	234.8	768	3.9	259	5106	1590488440
48.498959	-4.178308	2300	701	377.8	204	234.8	0	0	259	5106	1590488466
48.495571	-4.195623	2725	831	377.8	204	234.8	1408	7.2	259	5106	1590488476
48.485836	-4.21172	3133	955	411.1	222	255.5	1664	8.5	229	5106	1590488489
48.47897	-4.216117	3375	1029	394.5	213	245.1	1664	8.5	209	5106	1590488496
48.472305	-4.217858	3606	1099	368.5	199	229	2880	14.6	194	5106	1590488505
48.465408	-4.217165	3822	1165	353.7	191	219.8	2176	11.1	180	5106	1590488512
48.458675	-4.214337	4009	1222	359.3	194	223.3	1536	7.8	168	5106	1590488520
48.451916	-4.209658	4275	1303	363	196	225.6	1600	8.1	158	5106	1590488529
48.444595	-4.20404	4509	1374	322.2	174	200.2	1664	8.5	154	5106	1590488536
48.437771	-4.197323	4700	1433	322.2	174	200.2	1984	10.1	148	5106	1590488545
48.430775	-4.189981	4920	1500	322.2	174	200.2	1856	9.4	145	5106	1590488552
48.42424	-4.182461	5125	1562	322.2	174	200.2	2560	13	142	5106	1590488560
48.417145	-4.174221	5325	1623	322.2	174	200.2	1344	6.8	142	5106	1590488569
48.408188	-4.162922	5650	1722	322.2	174	200.2	1472	7.5	140	5106	1590488581
48.39912	-4.15196	5950	1814	322.2	174	200.2	2048	10.4	140	5106	1590488593
48.390163	-4.141044	6000	1829	351.9	190	218.6	0	0	140	5106	1590488604
48.381496	-4.128933	5974	1821	377.8	204	234.8	0	0	137	5106	1590488617
48.37027	-4.113897	5975	1821	388.9	210	241.7	0	0	139	5106	1590488632
48.361	-4.102749	6000	1829	400	216	248.6	0	0	140	5106	1590488644
48.348038	-4.087055	6000	1829	403.7	218	250.9	0	0	140	5106	1590488660
48.338428	-4.07617	6000	1829	403.7	218	250.9	0	0	142	5106	1590488673
48.328606	-4.065116	6000	1829	403.7	218	250.9	0	0	142	5106	1590488684
48.317661	-4.053549	6000	1829	407.4	220	253.2	0	0	144	5106	1590488696
48.308437	-4.043541	6000	1829	407.4	220	253.2	0	0	143	5106	1590488712
48.291851	-4.025224	6000	1829	407.4	220	253.2	0	0	143	5106	1590488728
48.285385	-4.017828	6000	1829	407.4	220	253.2	0	0	143	5106	1590488748
48.265636	-3.996135	5999	1828	403.7	218	250.9	0	0	143	5106	1590488764
48.252567	-3.98131	5999	1828	403.7	218	250.9	0	0	142	5106	1590488776
48.241974	-3.972121	6000	1829	407.4	220	253.2	0	0	142	5106	1590488788
48.232445	-3.960989	6000	1829	407.4	220	253.2	0	0	144	5106	1590488800
48.226833	-3.951956	6000	1829	407.4	220	253.2	0	0	135	5106	1590488813
48.213757	-3.937326	6000	1829	407.4	220	253.2	0	0	141	5106	1590488824
48.20406	-3.926539	6000	1829	407.4	220	253.2	0	0	142	5106	1590488837
48.194294	-3.915908	6000	1829	407.4	220	253.2	0	0	143	5106	1590488849
48.187576	-3.908585	6000	1829	407.4	220	253.2	0	0	143	5106	1590488861
48.173546	-3.893129	5999	1828	407.4	220	253.2	0	0	143	5106	1590488872
48.16502	-3.88323	6000	1829	407.4	220	253.2	0	0	143	5106	1590488884
48.154465	-3.873295	6000	1829	407.4	220	253.2	0	0	148	5106	1590488908
48.141373	-3.858682	6000	1829	403.7	218	250.9	0	0	148	5106	1590488925
48.125153	-3.840456	6000	1829	414.8	224	257.8	0	0	148	5106	1590488961
48.089539	-3.812067	6000	1829	403.7	218	250.9	0	0	161	5106	1590488978
48.060619	-3.806177	6000	1829	407.4	220	253.2	0	0	179	5106	1590489004
48.04121	-3.807585	6000	1829	413	223	256.6	0	0	178	5106	1590489025
48.011608	-3.809501	5975	1821	409.3	221	254.3	-192	-1	181	5106	1590489057
47.990471	-3.811114	5450	1661	422.3	228	262.4	-1344	-6.8	185	5106	1590489076
47.977619	-3.812303	5100	1554	422.3	228	262.4	-1728	-8.8	185	5106	1590489089
47.959896	-3.815918	4700	1433	422.3	228	262.4	0	0	185	5106	1590489104
47.94585	-3.817363	4325	1318	422.3	228	262.4	-1792	-9.1	185	5106	1590489117
47.930405	-3.819005	3725	1135	422.3	228	262.4	-2688	-13.7	185	5106	1590489133
47.913372	-3.820578	3113	949	422.3	228	262.4	-2496	-12.7	185	5106	1590489141
47.901947	-3.821801	2750	838	444.5	240	276.2	-2304	-11.7	185	5106	1590489150
47.891907	-3.822825	2600	792	459.3	248	285.4	-1088	-5.5	184	5106	1590489160
47.879013	-3.823806	2425	739	459.3	248	285.4	-896	-4.6	184	5106	1590489172
47.865894	-3.824674	2425	739	459.3	248	285.4	0	0	184	5106	1590489180
47.856369	-3.825254	2425	739	451.9	244	280.8	0	0	183	5106	1590489192
47.843494	-3.825872	2425	739	451.9	244	280.8	0	0	183	5106	1590489210
47.821625	-3.826761	2425	739	451.9	244	280.8	0	0	183	5106	1590489225
47.809414	-3.827213	2425	739	451.9	244	280.8	0	0	183	5106	1590489289
47.74012	-3.82142	2450	747	388.9	210	241.7	-128	-0.7	163	5106	1590489312
47.726292	-3.816808	2450	747	388.9	210	241.7	0	0	163	5106	1590489392