latitude	longitude	altitude_feet	altitude_meters	speed_kmh	speed_kts	speed_mph	verticalSpeed_fpm	verticalSpeed_ms	heading	squawk	timestamp
31.765106	118.905525	1750	533	370.4	200	230.2	1280	6.5	57	0	1590468122
31.76827	118.911346	1950	594	383.4	207	238.2	1856	9.4	57	0	1590468129
31.773905	118.92263	2350	716	390.8	211	242.8	2368	12	59	0	1590468140
31.777222	118.929092	2600	792	390.8	211	242.8	2240	11.4	58	0	1590468147
31.780561	118.93541	2850	869	392.6	212	244	2368	12	58	0	1590468154
31.784426	118.942749	3150	960	392.6	212	244	2368	12	58	0	1590468160
31.787476	118.948479	3400	1036	394.5	213	245.1	2368	12	58	0	1590468166
31.790817	118.954742	3650	1113	394.5	213	245.1	2368	12	58	7741	1590468173
31.794621	118.9617	3900	1189	400	216	248.6	1664	8.5	55	7741	1590468180
31.798645	118.96727	4025	1227	411.1	222	255.5	960	4.9	44	7741	1590468186
31.803589	118.971497	4125	1257	420.4	227	261.2	1472	7.5	30	7741	1590468193
31.809814	118.974464	4350	1326	422.3	228	262.4	2624	13.3	16	7741	1590468199
31.816826	118.97554	4625	1410	426	230	264.7	2048	10.4	1	7741	1590468205
31.823593	118.974739	4825	1471	427.8	231	265.8	1920	9.8	355	7741	1590468212
31.831816	118.971336	5100	1554	438.9	237	272.7	2240	11.4	336	7741	1590468220
31.838516	118.967545	5400	1646	438.9	237	272.7	2752	14	333	7741	1590468226
31.844147	118.96331	5675	1730	438.9	237	272.7	2688	13.7	327	7741	1590468232
31.84845	118.958534	5875	1791	444.5	240	276.2	2368	12	312	7741	1590468238
31.853577	118.948372	6275	1913	448.2	242	278.5	2752	14	293	7741	1590468247
31.855743	118.93692	6600	2012	463	250	287.7	1600	8.1	275	7741	1590468256
31.855604	118.928345	6725	2050	477.8	258	296.9	1152	5.9	265	7741	1590468262
31.8543	118.920334	6850	2088	496.3	268	308.4	1408	7.2	256	7741	1590468268
31.852205	118.910805	7050	2149	501.9	271	311.9	2112	10.7	255	7741	1590468274
31.850529	118.902504	7275	2217	509.3	275	316.5	2176	11.1	257	7741	1590468280
31.849226	118.894547	7475	2278	513	277	318.8	2304	11.7	259	7741	1590468286
31.846247	118.871735	7975	2431	531.5	287	330.3	1984	10.1	261	7741	1590468300
31.844284	118.852951	8450	2576	537.1	290	333.7	2880	14.6	263	7741	1590468312
31.842709	118.835526	9000	2743	537.1	290	333.7	2944	15	263	7741	1590468323
31.840668	118.815598	9550	2911	542.6	293	337.2	2496	12.7	263	7741	1590468335
31.838882	118.795547	10075	3071	546.3	295	339.5	2752	14	264	7741	1590468348
31.837355	118.777176	10575	3223	551.9	298	342.9	1920	9.8	264	7741	1590468359
31.835724	118.755783	10850	3307	574.1	310	356.7	1152	5.9	264	7741	1590468372
31.834167	118.734848	11125	3391	598.2	323	371.7	1344	6.8	265	7741	1590468384
31.832466	118.713608	11375	3467	620.4	335	385.5	1216	6.2	264	7741	1590468397
31.83065	118.691696	11600	3536	642.6	347	399.3	1216	6.2	264	7741	1590468408
31.828695	118.668655	11875	3620	664.9	359	413.1	1344	6.8	264	7741	1590468420
31.826694	118.645058	12175	3711	681.5	368	423.5	1664	8.5	264	7741	1590468432
31.821167	118.582634	13300	4054	705.6	381	438.4	2048	10.4	263	7741	1590468463
31.814917	118.514847	14525	4427	724.1	391	450	2176	11.1	263	7741	1590468495
31.808306	118.444336	15750	4801	735.2	397	456.9	2240	11.4	263	7741	1590468529
31.80162	118.372688	17125	5220	738.9	399	459.2	2496	12.7	263	7741	1590468562
31.796062	118.306328	18275	5570	746.4	403	463.8	2176	11.1	265	7741	1590468593
31.792282	118.168724	19700	6005	761.2	411	473	576	2.9	268	7741	1590468654
31.78981	118.029861	19700	6005	746.4	403	463.8	64	0.3	269	7741	1590468717
31.787405	117.891876	19700	6005	746.4	403	463.8	0	0	268	7741	1590468781
31.784704	117.752136	19700	6005	751.9	406	467.2	0	0	268	7741	1590468844
31.781912	117.616768	19700	6005	751.9	406	467.2	0	0	268	7741	1590468907
31.779099	117.480652	19700	6005	750.1	405	466.1	-64	-0.3	268	7741	1590468967
31.782806	117.344475	19700	6005	744.5	402	462.6	0	0	273	7741	1590469030
31.788849	117.309372	19700	6005	738.9	399	459.2	64	0.3	287	7741	1590469046
31.792511	117.297508	19700	6005	738.9	399	459.2	0	0	291	7741	1590469052
31.797459	117.284828	19700	6005	738.9	399	459.2	0	0	295	7741	1590469059
31.802628	117.273727	19700	6005	740.8	400	460.3	0	0	300	7741	1590469065
31.809219	117.261971	19700	6005	740.8	400	460.3	0	0	302	7741	1590469072
31.818455	117.248169	19700	6005	744.5	402	462.6	64	0.3	309	7741	1590469079
31.828836	117.235497	19700	6005	746.4	403	463.8	0	0	314	7741	1590469087
31.837168	117.226868	19700	6005	748.2	404	464.9	64	0.3	318	7741	1590469093
31.849039	117.216499	19700	6005	753.8	407	468.4	0	0	324	7741	1590469101
31.866943	117.203575	19725	6012	757.5	409	470.7	64	0.3	329	7741	1590469112
31.877342	117.196373	19700	6005	755.6	408	469.5	-64	-0.3	329	7741	1590469118
31.886856	117.189789	19700	6005	757.5	409	470.7	-128	-0.7	329	7741	1590469124
31.996353	117.115463	19700	6005	755.6	408	469.5	0	0	329	7741	1590469192
32.040939	117.082344	19725	6012	755.6	408	469.5	64	0.3	319	7741	1590469219
32.050842	117.070595	19825	6043	755.6	408	469.5	896	4.6	314	7741	1590469226
32.059269	117.059441	20075	6119	753.8	407	468.4	2688	13.7	311	7741	1590469234
32.067043	117.048897	20325	6195	751.9	406	467.2	2816	14.3	311	7741	1590469240
32.24057	116.807518	23425	7140	794.5	429	493.7	1216	6.2	310	7741	1590469376
32.319405	116.695099	24650	7513	790.8	427	491.4	1152	5.9	309	7741	1590469439
32.332672	116.675903	24850	7574	779.7	421	484.5	1216	6.2	309	7741	1590469448
32.406689	116.568863	25625	7811	781.5	422	485.6	-128	-0.7	309	7741	1590469509
33.675293	114.7911	25600	7803	777.8	420	483.3	0	0	310	7741	1590470513
33.761673	114.688408	25600	7803	811.2	438	504	0	0	321	7741	1590470574
33.795017	114.656639	25600	7803	814.9	440	506.3	0	0	321	7741	1590470596
33.936584	114.521431	25600	7803	801.9	433	498.3	64	0.3	316	7741	1590470685
34.026489	114.412575	25600	7803	809.3	437	502.9	0	0	315	7741	1590470748
34.119278	114.30484	25600	7803	809.3	437	502.9	0	0	316	7741	1590470811
34.210739	114.199516	25925	7902	796.4	430	494.8	768	3.9	316	7741	1590470875
34.298759	114.097366	26625	8115	768.6	415	477.6	-128	-0.7	315	7741	1590470938
34.330032	114.060844	26600	8108	764.9	413	475.3	0	0	315	7741	1590470960
37.138676	112.822365	30125	9182	790.8	427	491.4	-64	-0.3	345	7741	1590472496
37.316849	112.763496	30125	9182	785.2	424	487.9	64	0.3	345	7741	1590472589
37.437916	112.72319	30100	9174	781.5	422	485.6	0	0	344	7741	1590472653
37.561466	112.681808	30100	9174	777.8	420	483.3	0	0	345	7741	1590472719
37.681244	112.641983	30100	9174	772.3	417	479.9	0	0	344	7741	1590472782
37.795349	112.608109	30100	9174	774.1	418	481	0	0	348	7741	1590472842
37.918472	112.578636	30125	9182	777.8	420	483.3	64	0.3	349	7741	1590472908
38.040905	112.550095	30125	9182	781.5	422	485.6	0	0	349	7741	1590472971
38.165108	112.52066	30100	9174	785.2	424	487.9	0	0	349	7741	1590473035
38.211754	112.509789	30100	9174	787.1	425	489.1	64	0.3	349	7741	1590473060
38.283142	112.492752	30125	9182	790.8	427	491.4	0	0	349	7741	1590473096
39.072411	112.303162	30100	9174	807.5	436	501.7	0	0	349	7741	1590473497
39.20517	112.271019	30100	9174	811.2	438	504	-64	-0.3	349	7741	1590473563
39.336639	112.238892	30125	9182	811.2	438	504	0	0	349	7741	1590473629
39.460052	112.208687	30100	9174	811.2	438	504	64	0.3	348	7741	1590473690
39.58754	112.177513	30100	9174	807.5	436	501.7	-64	-0.3	349	7741	1590473754
39.708344	112.148262	30100	9174	809.3	437	502.9	-64	-0.3	349	7741	1590473816
39.828873	112.11882	30125	9182	811.2	438	504	0	0	349	7741	1590473876
39.959702	112.086731	30100	9174	816.7	441	507.5	64	0.3	349	7741	1590473942
40.0825	112.056549	30125	9182	818.6	442	508.6	-64	-0.3	349	7741	1590474002
40.214355	112.024841	30100	9174	820.4	443	509.8	0	0	349	7741	1590474069
40.335697	111.995125	30100	9174	824.1	445	512.1	192	1	349	7741	1590474129
40.468697	111.96373	30125	9182	822.3	444	510.9	-64	-0.3	350	7741	1590474194
40.591412	111.936829	30075	9167	818.6	442	508.6	0	0	350	7741	1590474255
40.71254	111.903809	30100	9174	814.9	440	506.3	0	0	345	7741	1590474315
40.832272	111.857361	30100	9174	814.9	440	506.3	0	0	343	7741	1590474377
40.950142	111.810799	30125	9182	816.7	441	507.5	-64	-0.3	343	7741	1590474438
40.992508	111.794128	30125	9182	814.9	440	506.3	64	0.3	343	7741	1590474458
41.207336	111.708801	30100	9174	805.6	435	500.6	-64	-0.3	343	7741	1590474569
41.235397	111.697571	30100	9174	801.9	433	498.3	64	0.3	343	7741	1590474584
41.344299	111.653931	30100	9174	800.1	432	497.1	0	0	343	7741	1590474640
41.577942	111.559731	30125	9182	794.5	429	493.7	0	0	343	7741	1590474764
41.598427	111.551468	30100	9174	794.5	429	493.7	-64	-0.3	343	7741	1590474774
41.786175	111.475273	30100	9174	792.7	428	492.5	0	0	343	7741	1590474873
41.881668	111.436447	30125	9182	792.7	428	492.5	64	0.3	342	7741	1590474924
42.052731	111.366302	30125	9182	801.9	433	498.3	0	0	343	7741	1590475013
42.119843	111.338821	30100	9174	801.9	433	498.3	-64	-0.3	342	7741	1590475048
42.301506	111.263908	30100	9174	809.3	437	502.9	0	0	343	7741	1590475142
42.419586	111.215164	30125	9182	811.2	438	504	0	0	343	7741	1590475204
42.535904	111.16703	30125	9182	811.2	438	504	0	0	343	7741	1590475264
42.658539	111.115974	30125	9182	809.3	437	502.9	128	0.7	342	7741	1590475326
42.783089	111.063988	30125	9182	807.5	436	501.7	0	0	342	7741	1590475390
42.90564	111.012627	30125	9182	805.6	435	500.6	0	0	342	7741	1590475454
43.027725	110.961151	30100	9174	805.6	435	500.6	-64	-0.3	342	7741	1590475519
43.143822	110.912086	30100	9174	801.9	433	498.3	0	0	342	7741	1590475578
43.257828	110.854271	30125	9182	796.4	430	494.8	64	0.3	339	7741	1590475640
43.372627	110.793327	30100	9174	798.2	431	496	-64	-0.3	338	7741	1590475702
43.485168	110.731964	30100	9174	798.2	431	496	0	0	338	7741	1590475762
43.601665	110.668098	30125	9182	794.5	429	493.7	-64	-0.3	338	7741	1590475825
43.714832	110.605972	30125	9182	792.7	428	492.5	64	0.3	338	7741	1590475886
43.831055	110.541878	30100	9174	787.1	425	489.1	0	0	338	7741	1590475950
43.941357	110.480873	30325	9243	794.5	429	493.7	576	2.9	338	7741	1590476010
44.05471	110.418091	30975	9441	798.2	431	496	832	4.2	338	7741	1590476072
44.165737	110.356163	31650	9647	787.1	425	489.1	704	3.6	337	7741	1590476132
44.282043	110.290901	32100	9784	794.5	429	493.7	-64	-0.3	337	7741	1590476196
44.396542	110.2267	32100	9784	790.8	427	491.4	-64	-0.3	338	7741	1590476259
44.511887	110.161613	32100	9784	783.4	423	486.8	0	0	337	7741	1590476322
44.624928	110.097275	32100	9784	777.8	420	483.3	-64	-0.3	338	7741	1590476384
44.739212	110.032394	32100	9784	776	419	482.2	-64	-0.3	337	7741	1590476448
44.853733	109.96685	32125	9792	779.7	421	484.5	0	0	337	7741	1590476512
44.962784	109.904221	32100	9784	779.7	421	484.5	0	0	337	7741	1590476572
45.07658	109.838562	32100	9784	763	412	474.1	0	0	337	7741	1590476636
45.187729	109.774147	32100	9784	763	412	474.1	64	0.3	337	7741	1590476699
45.29961	109.709068	32100	9784	766.7	414	476.4	-64	-0.3	337	7741	1590476762
45.408031	109.645767	32100	9784	768.6	415	477.6	64	0.3	337	7741	1590476823
45.518173	109.581253	32100	9784	772.3	417	479.9	0	0	337	7741	1590476886
45.626083	109.517548	32100	9784	772.3	417	479.9	-64	-0.3	337	7741	1590476946
45.739746	109.450356	32100	9784	779.7	421	484.5	0	0	337	7741	1590477009
45.849609	109.38504	32100	9784	785.2	424	487.9	0	0	337	7741	1590477070
45.959793	109.319321	32125	9792	785.2	424	487.9	0	0	337	7741	1590477132
46.070656	109.252853	32100	9784	785.2	424	487.9	0	0	337	7741	1590477193
46.185917	109.183434	32125	9792	785.2	424	487.9	0	0	337	7741	1590477257
46.296295	109.116676	32100	9784	783.4	423	486.8	-64	-0.3	337	7741	1590477318
46.406391	109.049881	32125	9792	781.5	422	485.6	64	0.3	337	7741	1590477379
46.517212	108.982162	32100	9784	783.4	423	486.8	64	0.3	337	7741	1590477440
46.641151	108.906235	32125	9792	783.4	423	486.8	0	0	337	7741	1590477509
46.749252	108.839813	32100	9784	779.7	421	484.5	64	0.3	337	7741	1590477570
46.862274	108.769737	32100	9784	776	419	482.2	0	0	336	7741	1590477632
46.972961	108.700928	32100	9784	774.1	418	481	0	0	336	7741	1590477694
47.082733	108.632401	32100	9784	774.1	418	481	0	0	336	7741	1590477756
47.192657	108.563728	32100	9784	774.1	418	481	0	0	336	7741	1590477818
47.300171	108.495827	32125	9792	772.3	417	479.9	0	0	336	7741	1590477878
47.411964	108.424988	32100	9784	776	419	482.2	64	0.3	336	7741	1590477941
47.521957	108.355202	32125	9792	779.7	421	484.5	0	0	336	7741	1590478002
47.631546	108.285095	32100	9784	779.7	421	484.5	64	0.3	336	7741	1590478064
47.741364	108.214783	32100	9784	777.8	420	483.3	64	0.3	336	7741	1590478126
47.854305	108.141953	32100	9784	777.8	420	483.3	64	0.3	336	7741	1590478189
47.965164	108.070107	32125	9792	783.4	423	486.8	-128	-0.7	336	7741	1590478251
48.075382	107.998489	32125	9792	785.2	424	487.9	0	0	336	7741	1590478312
48.185577	107.926445	32100	9784	787.1	425	489.1	0	0	336	7741	1590478374
48.298416	107.852219	32100	9784	787.1	425	489.1	0	0	336	7741	1590478436
48.409836	107.778694	32125	9792	787.1	425	489.1	0	0	336	7741	1590478498
48.522747	107.703888	32100	9784	789	426	490.2	0	0	336	7741	1590478560
48.635101	107.628975	32125	9792	787.1	425	489.1	0	0	336	7741	1590478624
48.746201	107.554535	32100	9784	789	426	490.2	0	0	336	7741	1590478685
48.81102	107.510941	32100	9784	790.8	427	491.4	0	0	335	7741	1590478722
48.972069	107.40213	32800	9997	777.8	420	483.3	768	3.9	336	7741	1590478811
49.083344	107.326492	33650	10257	783.4	423	486.8	832	4.2	335	7741	1590478874
49.192841	107.249733	34100	10394	785.2	424	487.9	-64	-0.3	330	7741	1590478935
49.212891	107.227409	34100	10394	789	426	490.2	64	0.3	319	7741	1590478948
49.229412	107.202492	34100	10394	790.8	427	491.4	0	0	313	7741	1590478960
49.237232	107.188255	34100	10394	792.7	428	492.5	0	0	312	7741	1590478966
49.244247	107.173462	34100	10394	800.1	432	497.1	-64	-0.3	306	7741	1590478972
49.251709	107.155655	34100	10394	801.9	433	498.3	128	0.7	302	7741	1590478978
49.261459	107.131134	34125	10401	805.6	435	500.6	64	0.3	301	7741	1590478988
49.267639	107.115715	34125	10401	805.6	435	500.6	-64	-0.3	301	7741	1590478994
49.299957	107.036629	34100	10394	805.6	435	500.6	0	0	302	7741	1590479024
49.346603	106.931267	34100	10394	796.4	430	494.8	64	0.3	310	7741	1590479066
49.485493	106.773972	34100	10394	783.4	423	486.8	64	0.3	332	7741	1590479154
49.591415	106.692711	34100	10394	783.4	423	486.8	-64	-0.3	333	7741	1590479214
49.698853	106.611397	34100	10394	783.4	423	486.8	0	0	333	7741	1590479276
49.733459	106.590797	34100	10394	779.7	421	484.5	64	0.3	343	7741	1590479295
49.750809	106.584946	34100	10394	777.8	420	483.3	0	0	350	7741	1590479304
49.76276	106.582748	34100	10394	774.1	418	481	0	0	354	7741	1590479310
49.7757	106.582008	34100	10394	776	419	482.2	0	0	358	7741	1590479317
49.854187	106.575401	34100	10394	779.7	421	484.5	128	0.7	346	7741	1590479358
49.865173	106.570572	34100	10394	779.7	421	484.5	0	0	342	7741	1590479364
49.876907	106.564117	34100	10394	781.5	422	485.6	128	0.7	339	7741	1590479370
49.889099	106.557045	34125	10401	781.5	422	485.6	128	0.7	339	7741	1590479376
49.901672	106.549713	34125	10401	783.4	423	486.8	0	0	338	7741	1590479384
50.011139	106.461205	34100	10394	789	426	490.2	-64	-0.3	330	7741	1590479446
50.117111	106.367096	34100	10394	789	426	490.2	0	0	330	7741	1590479508
50.224777	106.270821	34100	10394	789	426	490.2	-64	-0.3	330	7741	1590479571
50.330612	106.176064	34100	10394	783.4	423	486.8	0	0	330	7741	1590479634
50.434742	106.082573	34100	10394	776	419	482.2	64	0.3	330	7741	1590479695
50.538757	105.988647	34050	10378	776	419	482.2	-64	-0.3	329	7741	1590479757
50.643951	105.893242	34000	10363	776	419	482.2	0	0	329	7741	1590479820
50.747154	105.799026	34000	10363	776	419	482.2	0	0	329	7741	1590479882
50.818863	105.722771	34000	10363	783.4	423	486.8	0	0	319	7741	1590479926
50.908642	105.591202	34000	10363	790.8	427	491.4	-128	-0.7	316	7741	1590479988
50.997513	105.457306	34025	10371	792.7	428	492.5	0	0	316	7741	1590480050
51.084274	105.327042	34000	10363	792.7	428	492.5	-64	-0.3	316	7741	1590480111
51.172035	105.194321	34000	10363	790.8	427	491.4	-64	-0.3	316	7741	1590480172
51.259602	105.061493	34000	10363	789	426	490.2	-64	-0.3	316	7741	1590480234
51.34819	104.925766	34025	10371	785.2	424	487.9	64	0.3	316	7741	1590480296
51.433937	104.793854	34000	10363	781.5	422	485.6	0	0	316	7741	1590480357
51.520573	104.659805	34000	10363	781.5	422	485.6	0	0	315	7741	1590480418
51.605667	104.52816	34000	10363	779.7	421	484.5	0	0	316	7741	1590480479
51.690952	104.398499	34000	10363	777.8	420	483.3	0	0	316	7741	1590480540
51.777695	104.265152	34000	10363	772.3	417	479.9	64	0.3	316	7741	1590480602
51.86412	104.131462	34000	10363	768.6	415	477.6	0	0	316	7741	1590480664
51.950527	103.997131	34000	10363	766.7	414	476.4	0	0	316	7741	1590480726
52.036232	103.859329	34025	10371	764.9	413	475.3	0	0	315	7741	1590480790
52.121658	103.720856	34000	10363	764.9	413	475.3	0	0	315	7741	1590480852
52.20689	103.582237	34000	10363	766.7	414	476.4	0	0	314	7741	1590480916
52.291122	103.444366	34000	10363	768.6	415	477.6	0	0	314	7741	1590480978
52.374851	103.306404	34025	10371	770.4	416	478.7	64	0.3	314	7741	1590481040
52.431274	103.21804	34000	10363	757.5	409	470.7	64	0.3	324	7741	1590481080
52.438339	103.210526	34000	10363	753.8	407	468.4	64	0.3	327	7741	1590481086
52.448822	103.200836	34025	10371	746.4	403	463.8	0	0	332	7741	1590481092
52.459064	103.192856	34025	10371	744.5	402	462.6	-64	-0.3	335	7741	1590481098
52.469742	103.185806	34000	10363	740.8	400	460.3	-64	-0.3	339	7741	1590481104
52.481689	103.179672	34000	10363	737.1	398	458	0	0	344	7741	1590481110
52.492584	103.175194	34000	10363	737.1	398	458	64	0.3	346	7741	1590481116
52.502964	103.171036	34000	10363	735.2	397	456.9	64	0.3	346	7741	1590481122
52.611336	103.126152	34000	10363	740.8	400	460.3	0	0	346	7741	1590481184
52.723618	103.081284	34000	10363	740.8	400	460.3	0	0	346	7741	1590481246
52.835487	103.035828	34000	10363	740.8	400	460.3	0	0	345	7741	1590481308
52.94577	102.990707	34025	10371	740.8	400	460.3	0	0	345	7741	1590481370
53.058517	102.944328	34000	10363	738.9	399	459.2	0	0	346	7741	1590481432
53.169205	102.898499	34000	10363	735.2	397	456.9	0	0	346	7741	1590481494
53.277874	102.853279	34000	10363	733.4	396	455.7	0	0	346	7741	1590481556
53.386276	102.807938	34000	10363	733.4	396	455.7	0	0	345	7741	1590481616
53.498199	102.76062	34000	10363	735.2	397	456.9	0	0	345	7741	1590481680
53.606964	102.714401	34025	10371	738.9	399	459.2	0	0	345	7741	1590481740
53.717926	102.667	34000	10363	738.9	399	459.2	0	0	345	7741	1590481802
53.775608	102.637749	33975	10356	738.9	399	459.2	-192	-1	334	7741	1590481836
53.785294	102.627899	33975	10356	740.8	400	460.3	0	0	327	7741	1590481842
53.793159	102.618042	33975	10356	744.5	402	462.6	64	0.3	322	7741	1590481848
53.804352	102.600845	34000	10363	750.1	405	466.1	64	0.3	315	7741	1590481855
53.812317	102.585548	34000	10363	753.8	407	468.4	-64	-0.3	308	7741	1590481862
53.819046	102.569458	34000	10363	759.3	410	471.8	-64	-0.3	304	7741	1590481868
53.825409	102.550858	34000	10363	766.7	414	476.4	128	0.7	298	7741	1590481874
53.830215	102.535965	34000	10363	766.7	414	476.4	192	1	298	7741	1590481880
53.887024	102.363152	34025	10371	768.6	415	477.6	0	0	298	7741	1590481941
53.94408	102.184807	34000	10363	768.6	415	477.6	0	0	298	7741	1590482003
54.000362	102.008942	34025	10371	763	412	474.1	-64	-0.3	298	7741	1590482065
54.055061	101.837852	34000	10363	755.6	408	469.5	0	0	298	7741	1590482126
54.111511	101.660339	34000	10363	751.9	406	467.2	0	0	298	7741	1590482188
54.166443	101.48613	34000	10363	746.4	403	463.8	0	0	298	7741	1590482250
54.219681	101.315842	34000	10363	744.5	402	462.6	0	0	297	7741	1590482312
54.273468	101.142807	34000	10363	740.8	400	460.3	0	0	297	7741	1590482374
54.327942	100.965813	34000	10363	740.8	400	460.3	0	0	297	7741	1590482436
54.381672	100.790741	34000	10363	740.8	400	460.3	0	0	297	7741	1590482499
54.433777	100.619011	34000	10363	742.7	401	461.5	0	0	297	7741	1590482560
54.485825	100.446869	34000	10363	742.7	401	461.5	0	0	297	7741	1590482622
54.538879	100.269554	34025	10371	742.7	401	461.5	0	0	297	7741	1590482684
54.589901	100.097931	34000	10363	738.9	399	459.2	0	0	297	7741	1590482744
54.643295	99.91716	34000	10363	737.1	398	458	64	0.3	296	7741	1590482808
54.693787	99.744629	34025	10371	733.4	396	455.7	-64	-0.3	296	7741	1590482870
54.743637	99.573212	34000	10363	731.5	395	454.6	0	0	296	7741	1590482930
54.793289	99.401382	34000	10363	727.8	393	452.3	-64	-0.3	296	7741	1590482992
54.84256	99.229401	34000	10363	724.1	391	450	0	0	296	7741	1590483054
54.888977	99.053864	34000	10363	727.8	393	452.3	0	0	287	7741	1590483114
54.892303	99.03334	34000	10363	729.7	394	453.4	64	0.3	284	7741	1590483122
54.895145	99.012947	34000	10363	731.5	395	454.6	0	0	283	7741	1590483128
54.918327	98.806122	34000	10363	729.7	394	453.4	0	0	280	7741	1590483194
54.939056	98.611099	34000	10363	731.5	395	454.6	0	0	280	7741	1590483258
54.959839	98.415367	34000	10363	733.4	396	455.7	0	0	280	7741	1590483320
54.980381	98.218689	34025	10371	737.1	398	458	0	0	280	7741	1590483382
55.000164	98.026596	34000	10363	740.8	400	460.3	-64	-0.3	280	7741	1590483444
55.019714	97.832123	34025	10371	738.9	399	459.2	0	0	279	7741	1590483505
55.039215	97.635986	34000	10363	740.8	400	460.3	0	0	279	7741	1590483566
55.058681	97.436409	34000	10363	744.5	402	462.6	0	0	279	7741	1590483630
55.077629	97.238327	34000	10363	746.4	403	463.8	0	0	279	7741	1590483692
55.09584	97.043365	34000	10363	744.5	402	462.6	0	0	278	7741	1590483754
55.112778	96.845047	34000	10363	742.7	401	461.5	0	0	278	7741	1590483816
55.129627	96.646065	34000	10363	740.8	400	460.3	0	0	278	7741	1590483878
55.145874	96.451561	34000	10363	742.7	401	461.5	0	0	278	7741	1590483938
55.162075	96.252136	34025	10371	740.8	400	460.3	0	0	278	7741	1590484000
55.177963	96.053871	34025	10371	740.8	400	460.3	0	0	277	7741	1590484062
55.193619	95.854988	34000	10363	742.7	401	461.5	0	0	277	7741	1590484124
55.208534	95.658455	34000	10363	744.5	402	462.6	0	0	277	7741	1590484185
55.223602	95.456329	34000	10363	746.4	403	463.8	0	0	277	7741	1590484248
55.238022	95.259216	34025	10371	746.4	403	463.8	64	0.3	277	7741	1590484310
55.252213	95.060577	34000	10363	744.5	402	462.6	0	0	276	7741	1590484371
55.267639	94.88649	34000	10363	746.4	403	463.8	64	0.3	287	7741	1590484425
55.271519	94.867607	34000	10363	746.4	403	463.8	0	0	291	7741	1590484431
55.27594	94.849632	34000	10363	748.2	404	464.9	0	0	294	7741	1590484438
55.281296	94.830574	34000	10363	750.1	405	466.1	64	0.3	296	7741	1590484444
55.286591	94.812981	34025	10371	750.1	405	466.1	64	0.3	298	7741	1590484450
55.348099	94.627159	34000	10363	751.9	406	467.2	0	0	300	7741	1590484516
55.406891	94.45121	34000	10363	750.1	405	466.1	0	0	300	7741	1590484577
55.462894	94.280205	34025	10371	748.2	404	464.9	64	0.3	299	7741	1590484638
55.522705	94.096237	34000	10363	748.2	404	464.9	0	0	299	7741	1590484701
55.580154	93.918709	34000	10363	742.7	401	461.5	64	0.3	299	7741	1590484765
55.635883	93.744705	34025	10371	731.5	395	454.6	64	0.3	299	7741	1590484826
55.69194	93.569473	34025	10371	726	392	451.1	0	0	299	7741	1590484888
55.745838	93.398811	34000	10363	720.4	389	447.7	0	0	299	7741	1590484950
55.798965	93.225655	34000	10363	716.7	387	445.4	0	0	298	7741	1590485012
55.8517	93.051949	34000	10363	714.9	386	444.2	0	0	298	7741	1590485074
55.887589	92.94384	34000	10363	722.3	390	448.8	0	0	309	7741	1590485114
55.896111	92.927513	34000	10363	724.1	391	450	0	0	314	7741	1590485120
55.90435	92.914291	34000	10363	731.5	395	454.6	-64	-0.3	318	7741	1590485126
55.912914	92.902451	34000	10363	737.1	398	458	0	0	322	7741	1590485133
55.926498	92.885742	34050	10378	742.7	401	461.5	192	1	325	7741	1590485142
55.937122	92.872925	34025	10371	744.5	402	462.6	-64	-0.3	325	7741	1590485148
56.02684	92.750496	34000	10363	744.5	402	462.6	-64	-0.3	322	7741	1590485209
56.117374	92.623932	34000	10363	751.9	406	467.2	-64	-0.3	320	7741	1590485272
56.208115	92.493401	34025	10371	759.3	410	471.8	-64	-0.3	320	7741	1590485332
56.30093	92.36026	34025	10371	759.3	410	471.8	64	0.3	322	7741	1590485396
56.39138	92.232803	34000	10363	761.2	411	473	0	0	322	7741	1590485456
56.486206	92.101219	34000	10363	763	412	474.1	0	0	322	7741	1590485518
56.582474	91.9673	34000	10363	768.6	415	477.6	0	0	321	7741	1590485583
56.669632	91.824417	34025	10371	761.2	411	473	-64	-0.3	317	7741	1590485644
56.75523	91.685516	33975	10356	751.9	406	467.2	-192	-1	318	7741	1590485704
56.844101	91.544998	34000	10363	744.5	402	462.6	-64	-0.3	319	7741	1590485768
56.938042	91.398544	34000	10363	744.5	402	462.6	0	0	319	7741	1590485834
57.027649	91.258102	34000	10363	750.1	405	466.1	64	0.3	319	7741	1590485898
57.122993	91.112541	34025	10371	763	412	474.1	-64	-0.3	320	7741	1590485964
57.216423	90.972641	34000	10363	776	419	482.2	-64	-0.3	321	7741	1590486026
57.313625	90.829735	34000	10363	789	426	490.2	256	1.3	321	7741	1590486091
57.402237	90.687416	34025	10371	761.2	411	473	-64	-0.3	307	7741	1590486150
57.408829	90.669823	34000	10363	757.5	409	470.7	64	0.3	304	7741	1590486156
57.414551	90.654037	34000	10363	757.5	409	470.7	64	0.3	303	7741	1590486162
57.421768	90.633926	34025	10371	757.5	409	470.7	128	0.7	303	7741	1590486169
57.485123	90.455933	34000	10363	742.7	401	461.5	0	0	294	7741	1590486229
57.489548	90.437057	33975	10356	738.9	399	459.2	64	0.3	293	7741	1590486235
57.493286	90.421173	34000	10363	738.9	399	459.2	128	0.7	293	7741	1590486241
57.498505	90.39946	34025	10371	738.9	399	459.2	128	0.7	293	7741	1590486248
57.546753	90.200417	34025	10371	733.4	396	455.7	-64	-0.3	290	7741	1590486312
57.57962	90.000771	34000	10363	727.8	393	452.3	64	0.3	285	7741	1590486373
57.608952	89.799057	34025	10371	731.5	395	454.6	128	0.7	284	7741	1590486435
57.638214	89.596512	34000	10363	733.4	396	455.7	192	1	285	7741	1590486496
57.66687	89.396782	34025	10371	724.1	391	450	-128	-0.7	284	7741	1590486558
57.694794	89.19915	34000	10363	711.2	384	441.9	-64	-0.3	284	7741	1590486619
57.722351	89.001961	34000	10363	700.1	378	435	0	0	284	7741	1590486681
57.748398	88.813568	34000	10363	688.9	372	428.1	-128	-0.7	284	7741	1590486742
57.774399	88.622192	33975	10356	692.6	374	430.4	0	0	284	7741	1590486802
57.801727	88.425385	34000	10363	707.5	382	439.6	-64	-0.3	284	7741	1590486865
57.82896	88.228729	34025	10371	709.3	383	440.7	0	0	284	7741	1590486925
57.856194	88.026855	34025	10371	713	385	443.1	-64	-0.3	284	7741	1590486989
57.88282	87.827179	34025	10371	714.9	386	444.2	64	0.3	283	7741	1590487050
57.909122	87.628876	34000	10363	714.9	386	444.2	64	0.3	284	7741	1590487111
57.935471	87.427094	34025	10371	718.6	388	446.5	0	0	283	7741	1590487173
57.961727	87.222656	34000	10363	722.3	390	448.8	128	0.7	283	7741	1590487234
57.987488	87.020134	34000	10363	724.1	391	450	0	0	283	7741	1590487296
58.013538	86.810944	34050	10378	748.2	404	464.9	-64	-0.3	282	7741	1590487359
58.039932	86.595612	34025	10371	779.7	421	484.5	0	0	283	7741	1590487420
58.067001	86.375313	34000	10363	779.7	421	484.5	0	0	282	7741	1590487482
58.093189	86.154053	34000	10363	768.6	415	477.6	64	0.3	282	7741	1590487544
58.11898	85.934967	34000	10363	766.7	414	476.4	0	0	282	7741	1590487606
58.144489	85.713318	34000	10363	770.4	416	478.7	0	0	282	7741	1590487668
58.169403	85.495338	34025	10371	772.3	417	479.9	64	0.3	281	7741	1590487730
58.193558	85.2789	34025	10371	779.7	421	484.5	64	0.3	281	7741	1590487790
58.217926	85.057304	34000	10363	787.1	425	489.1	64	0.3	281	7741	1590487852
58.242249	84.832397	34025	10371	790.8	427	491.4	-128	-0.7	281	7741	1590487913
58.266548	84.6026	34000	10363	794.5	429	493.7	0	0	281	7741	1590487976
58.290298	84.374557	34000	10363	800.1	432	497.1	64	0.3	280	7741	1590488037
58.313801	84.146027	34000	10363	809.3	437	502.9	0	0	280	7741	1590488098
58.336845	83.916138	34000	10363	816.7	441	507.5	0	0	280	7741	1590488159
58.360107	83.680733	34000	10363	824.1	445	512.1	0	0	280	7741	1590488220
58.382401	83.447983	34025	10371	822.3	444	510.9	0	0	280	7741	1590488282
58.404858	83.210083	34000	10363	826	446	513.2	64	0.3	280	7741	1590488343
58.426689	82.974884	34025	10371	827.8	447	514.4	0	0	279	7741	1590488404
58.448044	82.738571	34000	10363	833.4	450	517.9	0	0	279	7741	1590488464
58.46933	82.498642	34000	10363	833.4	450	517.9	0	0	279	7741	1590488527
58.489815	82.262421	34025	10371	831.5	449	516.7	0	0	279	7741	1590488586
58.510208	82.023575	34025	10371	833.4	450	517.9	-64	-0.3	279	7741	1590488647
58.53022	81.780396	34025	10371	837.1	452	520.2	0	0	279	7741	1590488710
58.550098	81.53476	34025	10371	844.5	456	524.8	0	0	278	7741	1590488772
58.569046	81.292236	34025	10371	842.7	455	523.6	0	0	278	7741	1590488832
58.587753	81.048798	34000	10363	840.8	454	522.5	64	0.3	278	7741	1590488893
58.606522	80.798401	34000	10363	839	453	521.3	0	0	277	7741	1590488956
58.624489	80.55368	34000	10363	831.5	449	516.7	0	0	277	7741	1590489019
58.641357	80.31369	34000	10363	820.4	443	509.8	0	0	277	7741	1590489080
58.657543	80.078064	34000	10363	811.2	438	504	0	0	277	7741	1590489141
58.67337	79.843414	34000	10363	800.1	432	497.1	0	0	277	7741	1590489203
58.694046	79.614906	34000	10363	787.1	425	489.1	0	0	284	7741	1590489263
58.726044	79.393318	34000	10363	779.7	421	484.5	0	0	285	7741	1590489325
58.757675	79.176521	34000	10363	774.1	418	481	0	0	285	7741	1590489385
58.788803	78.956703	34000	10363	770.4	416	478.7	0	0	285	7741	1590489446
58.819824	78.737457	34000	10363	768.6	415	477.6	0	0	285	7741	1590489508
58.850082	78.517395	34000	10363	766.7	414	476.4	0	0	284	7741	1590489570
58.87999	78.300018	34000	10363	766.7	414	476.4	-64	-0.3	284	7741	1590489632
58.909332	78.080109	34025	10371	766.7	414	476.4	0	0	284	7741	1590489692
58.938721	77.860107	34025	10371	768.6	415	477.6	0	0	284	7741	1590489754
58.967651	77.637817	34000	10363	772.3	417	479.9	0	0	284	7741	1590489815
58.996445	77.415436	34000	10363	777.8	420	483.3	0	0	284	7741	1590489877
59.024467	77.194016	34000	10363	781.5	422	485.6	0	0	283	7741	1590489937
59.053654	76.960747	34025	10371	781.5	422	485.6	0	0	283	7741	1590490001
59.081215	76.736374	34000	10363	785.2	424	487.9	64	0.3	283	7741	1590490061
59.109055	76.5065	34025	10371	785.2	424	487.9	0	0	283	7741	1590490124
59.136471	76.277885	34000	10363	785.2	424	487.9	0	0	283	7741	1590490186
59.163254	76.050568	34025	10371	783.4	423	486.8	0	0	282	7741	1590490247
59.190147	75.818542	34000	10363	785.2	424	487.9	0	0	282	7741	1590490310
59.21603	75.590675	34000	10363	785.2	424	487.9	0	0	282	7741	1590490370
59.241402	75.363083	34000	10363	785.2	424	487.9	-64	-0.3	282	7741	1590490431
59.267258	75.127533	34000	10363	785.2	424	487.9	0	0	281	7741	1590490495
59.291862	74.898537	34000	10363	783.4	423	486.8	0	0	281	7741	1590490556
59.315872	74.671967	34000	10363	779.7	421	484.5	0	0	281	7741	1590490616
59.339951	74.443726	34000	10363	777.8	420	483.3	0	0	282	7741	1590490677
59.368378	74.210632	34050	10378	779.7	421	484.5	448	2.3	283	7741	1590490740
59.394836	73.986511	35850	10927	746.4	403	463.8	1024	5.2	282	7741	1590490802
59.419697	73.76931	36000	10973	735.2	397	456.9	64	0.3	282	7741	1590490864
59.444416	73.550438	36025	10980	753.8	407	468.4	0	0	282	7741	1590490926
59.469318	73.327019	36025	10980	764.9	413	475.3	0	0	282	7741	1590490987
59.493855	73.102554	36000	10973	770.4	416	478.7	0	0	281	7741	1590491048
59.5182	72.876862	36025	10980	772.3	417	479.9	64	0.3	281	7741	1590491110
59.54213	72.652023	36000	10973	770.4	416	478.7	0	0	281	7741	1590491170
59.565357	72.428223	36000	10973	764.9	413	475.3	0	0	281	7741	1590491231
59.588974	72.196472	36000	10973	757.5	409	470.7	0	0	281	7741	1590491293
59.611164	71.97541	36000	10973	753.8	407	468.4	0	0	281	7741	1590491354
59.633091	71.753601	36000	10973	750.1	405	466.1	0	0	280	7741	1590491416
59.654251	71.534363	36000	10973	746.4	403	463.8	0	0	281	7741	1590491476
59.675499	71.3097	36000	10973	744.5	402	462.6	0	0	280	7741	1590491538
59.695908	71.090515	36000	10973	740.8	400	460.3	0	0	280	7741	1590491600
59.715954	70.871857	36000	10973	740.8	400	460.3	-64	-0.3	280	7741	1590491660
59.735504	70.652252	36000	10973	738.9	399	459.2	0	0	279	7741	1590491721
59.755188	70.428223	36000	10973	738.9	399	459.2	0	0	279	7741	1590491783
59.774277	70.206848	36000	10973	738.9	399	459.2	0	0	279	7741	1590491845
59.793045	69.98291	36000	10973	740.8	400	460.3	0	0	279	7741	1590491906
59.811432	69.758354	36025	10980	737.1	398	458	0	0	279	7741	1590491969
59.82917	69.539482	36000	10973	731.5	395	454.6	0	0	279	7741	1590492030
59.846394	69.322403	36000	10973	729.7	394	453.4	0	0	278	7741	1590492091
59.863663	69.099739	36000	10973	724.1	391	450	0	0	278	7741	1590492154
59.880112	68.882538	36000	10973	718.6	388	446.5	0	0	278	7741	1590492214
59.895832	68.668434	36000	10973	713	385	443.1	0	0	278	7741	1590492276
59.911102	68.457275	36025	10980	703.8	380	437.3	64	0.3	278	7741	1590492337
59.925934	68.248169	36000	10973	698.2	377	433.8	0	0	277	7741	1590492397
59.940521	68.036057	36000	10973	694.5	375	431.5	64	0.3	277	7741	1590492459
59.95472	67.822136	36000	10973	688.9	372	428.1	-64	-0.3	277	7741	1590492522
59.968094	67.618958	36025	10980	685.2	370	425.8	-64	-0.3	277	7741	1590492582
59.981255	67.412796	36025	10980	681.5	368	423.5	0	0	277	7741	1590492643
59.994709	67.195717	36025	10980	681.5	368	423.5	0	0	277	7741	1590492708
60.007416	66.985062	36000	10973	681.5	368	423.5	64	0.3	276	7741	1590492770
60.019196	66.78373	36025	10980	681.5	368	423.5	0	0	276	7741	1590492830
60.031174	66.574593	36000	10973	683.4	369	424.6	64	0.3	276	7741	1590492892
60.042984	66.360268	36000	10973	683.4	369	424.6	0	0	276	7741	1590492955
60.053787	66.158531	36000	10973	683.4	369	424.6	0	0	276	7741	1590493016
60.064728	65.9478	36000	10973	681.5	368	423.5	0	0	275	7741	1590493078
60.075211	65.739159	36000	10973	681.5	368	423.5	0	0	275	7741	1590493139
60.085144	65.534393	36000	10973	683.4	369	424.6	0	0	275	7741	1590493199
60.094936	65.325096	36000	10973	687.1	371	426.9	0	0	275	7741	1590493260
60.104431	65.118713	36025	10980	688.9	372	428.1	0	0	275	7741	1590493322
60.113602	64.909485	36025	10980	690.8	373	429.2	0	0	274	7741	1590493382
60.119614	64.69915	36025	10980	696.4	376	432.7	64	0.3	270	7741	1590493444
60.122543	64.478668	36000	10973	696.4	376	432.7	0	0	271	7741	1590493506
60.125702	64.267937	36000	10973	692.6	374	430.4	0	0	271	7741	1590493568
60.128128	64.09623	36000	10973	690.8	373	429.2	0	0	271	7741	1590493617
60.131744	63.784443	36000	10973	690.8	373	429.2	0	0	271	7741	1590493708
60.133854	63.57082	36000	10973	690.8	373	429.2	0	0	270	7741	1590493771
60.134598	63.487244	36000	10973	688.9	372	428.1	0	0	270	7741	1590493794
60.136692	63.186199	36000	10973	688.9	372	428.1	0	0	270	7741	1590493882
60.137924	62.975811	36000	10973	690.8	373	429.2	0	0	270	7741	1590493942
60.138885	62.76366	36000	10973	692.6	374	430.4	0	0	270	7741	1590494004
60.139439	62.551346	36000	10973	694.5	375	431.5	0	0	270	7741	1590494065
60.139717	62.040874	36025	10980	696.4	376	432.7	0	0	270	7741	1590494212
60.139393	61.823696	36000	10973	700.1	378	435	0	0	269	7741	1590494274
60.13884	61.607731	36000	10973	705.6	381	438.4	0	0	269	7741	1590494337
60.137741	61.381279	36000	10973	707.5	382	439.6	0	0	269	7741	1590494401
60.136368	61.164715	36000	10973	709.3	383	440.7	0	0	269	7741	1590494462
60.135391	61.023754	36000	10973	711.2	384	441.9	-64	-0.3	269	7741	1590494502
60.132271	60.705055	36000	10973	714.9	386	444.2	0	0	268	7741	1590494591
60.128872	60.408424	36025	10980	718.6	388	446.5	0	0	268	7741	1590494674
60.128452	60.377819	36025	10980	718.6	388	446.5	0	0	268	7741	1590494682
60.124054	60.065285	36000	10973	718.6	388	446.5	0	0	268	7741	1590494770
60.120392	59.846035	36000	10973	720.4	389	447.7	0	0	268	7741	1590494831
60.116272	59.616646	36000	10973	718.6	388	446.5	0	0	267	7741	1590494895
60.112061	59.399002	36000	10973	716.7	387	445.4	0	0	267	7741	1590494956
60.107391	59.179562	36000	10973	714.9	386	444.2	0	0	267	7741	1590495017
60.102383	58.963722	36000	10973	714.9	386	444.2	0	0	267	7741	1590495078
60.097092	58.747307	36000	10973	716.7	387	445.4	0	0	267	7741	1590495138
60.091213	58.524071	36000	10973	716.7	387	445.4	0	0	266	7741	1590495200
60.085205	58.306797	36000	10973	716.7	387	445.4	0	0	266	7741	1590495262
60.083717	58.256279	36000	10973	718.6	388	446.5	0	0	266	7741	1590495276
60.073799	57.930614	36025	10980	722.3	390	448.8	0	0	266	7741	1590495366
60.072922	57.902779	36025	10980	722.3	390	448.8	0	0	266	7741	1590495374
60.065002	57.661648	36000	10973	724.1	391	450	0	0	266	7741	1590495441
60.053829	57.32156	36000	10973	724.1	391	450	0	0	266	7741	1590495536
60.046055	57.102913	36000	10973	726	392	451.1	0	0	265	7741	1590495596
60.037582	56.87442	36000	10973	729.7	394	453.4	0	0	265	7741	1590495659
60.02869	56.645802	36000	10973	731.5	395	454.6	0	0	265	7741	1590495722
60.01952	56.419502	36000	10973	733.4	396	455.7	0	0	265	7741	1590495784
60.010162	56.197247	36000	10973	737.1	398	458	0	0	265	7741	1590495847
60.00034	55.97485	36000	10973	737.1	398	458	0	0	264	7741	1590495907
59.990147	55.752281	36000	10973	742.7	401	461.5	0	0	264	7741	1590495968
59.979393	55.524902	36000	10973	742.7	401	461.5	0	0	264	7741	1590496030
59.966915	55.294876	36000	10973	744.5	402	462.6	0	0	262	7741	1590496093
59.951523	55.064484	36000	10973	744.5	402	462.6	0	0	262	7741	1590496155
59.936657	54.839489	36000	10973	742.7	401	461.5	0	0	262	7741	1590496216
59.92131	54.611572	36000	10973	744.5	402	462.6	64	0.3	262	7741	1590496278
59.905468	54.38488	36000	10973	746.4	403	463.8	0	0	262	7741	1590496340
59.889038	54.157379	36000	10973	750.1	405	466.1	0	0	261	7741	1590496402
59.872238	53.92749	36000	10973	751.9	406	467.2	0	0	261	7741	1590496465
59.85498	53.698975	36025	10980	753.8	407	468.4	0	0	261	7741	1590496527
59.837223	53.468658	36000	10973	755.6	408	469.5	0	0	261	7741	1590496589
59.818909	53.236176	36025	10980	755.6	408	469.5	64	0.3	260	7741	1590496653
59.80014	53.00354	36000	10973	750.1	405	466.1	0	0	260	7741	1590496715
59.781265	52.777088	36000	10973	740.8	400	460.3	0	0	260	7741	1590496779
59.762459	52.553951	36000	10973	731.5	395	454.6	0	0	260	7741	1590496840
59.743195	52.330353	36000	10973	724.1	391	450	0	0	260	7741	1590496904
59.724243	52.114471	36000	10973	718.6	388	446.5	0	0	259	7741	1590496966
59.704742	51.897949	36000	10973	718.6	388	446.5	0	0	259	7741	1590497027
59.684765	51.678928	36000	10973	718.6	388	446.5	0	0	259	7741	1590497090
59.664467	51.46138	36000	10973	718.6	388	446.5	0	0	259	7741	1590497153
59.643494	51.240875	36000	10973	722.3	390	448.8	0	0	259	7741	1590497215
59.622803	51.026665	36000	10973	726	392	451.1	0	0	259	7741	1590497277
59.606369	50.812241	36000	10973	737.1	398	458	0	0	267	7741	1590497338
59.605949	50.757687	36000	10973	742.7	401	461.5	0	0	269	7741	1590497352
59.606323	50.531433	36000	10973	746.4	403	463.8	0	0	270	7741	1590497414
59.60651	50.276943	36000	10973	748.2	404	464.9	0	0	269	7741	1590497483
59.606045	50.045094	36000	10973	750.1	405	466.1	0	0	269	7741	1590497546
59.605114	49.817978	36000	10973	753.8	407	468.4	0	0	269	7741	1590497608
59.603668	49.568481	36025	10980	753.8	407	468.4	0	0	269	7741	1590497676
59.60202	49.342255	36025	10980	757.5	409	470.7	0	0	269	7741	1590497736
59.599899	49.106331	36000	10973	757.5	409	470.7	0	0	268	7741	1590497801
59.597351	48.877258	36000	10973	759.3	410	471.8	0	0	268	7741	1590497862
59.59465	48.646179	36000	10973	759.3	410	471.8	0	0	268	7741	1590497924
59.591583	48.418762	36025	10980	761.2	411	473	0	0	268	7741	1590497985
59.587875	48.17981	36025	10980	763	412	474.1	0	0	268	7741	1590498048
59.583755	47.939209	36000	10973	764.9	413	475.3	0	0	267	7741	1590498112
59.579414	47.709267	36000	10973	766.7	414	476.4	0	0	267	7741	1590498174
59.574528	47.47448	36000	10973	768.6	415	477.6	0	0	267	7741	1590498236
59.569408	47.248032	36000	10973	770.4	416	478.7	0	0	267	7741	1590498296
59.563774	47.0158	36000	10973	772.3	417	479.9	0	0	267	7741	1590498357
59.557709	46.783356	36000	10973	776	419	482.2	0	0	266	7741	1590498418
59.551117	46.548523	36000	10973	776	419	482.2	0	0	266	7741	1590498480
59.544296	46.318268	36000	10973	777.8	420	483.3	0	0	266	7741	1590498540
59.537018	46.085999	36000	10973	779.7	421	484.5	0	0	266	7741	1590498602
59.529186	45.851818	36000	10973	779.7	421	484.5	0	0	266	7741	1590498662
59.521038	45.617317	36000	10973	783.4	423	486.8	0	0	265	7741	1590498725
59.508751	45.451954	36000	10973	768.6	415	477.6	0	0	255	7741	1590498769
59.471184	45.209499	36000	10973	763	412	474.1	0	0	252	7741	1590498835
59.436264	44.995239	36000	10973	761.2	411	473	0	0	252	7741	1590498896
59.400471	44.775349	36000	10973	761.2	411	473	0	0	252	7741	1590498958
59.365089	44.56102	36000	10973	763	412	474.1	0	0	252	7741	1590499018
59.329102	44.34549	36025	10980	759.3	410	471.8	0	0	251	7741	1590499079
59.292839	44.131321	36000	10973	761.2	411	473	0	0	251	7741	1590499140
59.25639	43.918129	36000	10973	761.2	411	473	0	0	251	7741	1590499202
59.219566	43.705318	36000	10973	761.2	411	473	0	0	251	7741	1590499262
59.180557	43.482559	36000	10973	763	412	474.1	0	0	251	7741	1590499326
59.142471	43.267731	36000	10973	764.9	413	475.3	0	0	250	7741	1590499387
59.10434	43.055237	36000	10973	764.9	413	475.3	64	0.3	250	7741	1590499448
59.06543	42.840454	36000	10973	768.6	415	477.6	0	0	250	7741	1590499509
59.026016	42.626312	36025	10980	772.3	417	479.9	0	0	250	7741	1590499570
58.98642	42.412079	36000	10973	776	419	482.2	0	0	250	7741	1590499630
58.946365	42.198578	36000	10973	776	419	482.2	-64	-0.3	249	7741	1590499691
58.904503	41.978096	36000	10973	777.8	420	483.3	0	0	249	7741	1590499754
58.862961	41.761505	36000	10973	777.8	420	483.3	-64	-0.3	249	7741	1590499816
58.82159	41.548004	36025	10980	781.5	422	485.6	0	0	249	7741	1590499877
58.779743	41.334961	36000	10973	783.4	423	486.8	0	0	249	7741	1590499938
58.733505	41.121117	36000	10973	777.8	420	483.3	0	0	245	7741	1590500000
58.681797	40.91217	36000	10973	779.7	421	484.5	0	0	244	7741	1590500062
58.630497	40.709473	37425	11407	763	412	474.1	1600	8.1	243	7741	1590500122
58.577797	40.500916	38000	11582	770.4	416	478.7	0	0	244	7741	1590500187
58.524445	40.291473	38000	11582	772.3	417	479.9	0	0	243	7741	1590500250
58.472672	40.089733	38000	11582	768.6	415	477.6	0	0	243	7741	1590500310
58.420078	39.886322	38000	11582	768.6	415	477.6	0	0	243	7741	1590500372
58.367523	39.685364	38000	11582	770.4	416	478.7	0	0	243	7741	1590500435
58.313416	39.48008	38000	11582	774.1	418	481	0	0	243	7741	1590500498
58.25766	39.270813	38025	11590	776	419	482.2	-64	-0.3	243	7741	1590500561
58.204823	39.073883	38000	11582	777.8	420	483.3	0	0	242	7741	1590500622
58.148438	38.86591	38000	11582	777.8	420	483.3	0	0	242	7741	1590500685
58.094421	38.668331	38025	11590	781.5	422	485.6	-64	-0.3	242	7741	1590500745
58.038399	38.465424	38000	11582	785.2	424	487.9	0	0	242	7741	1590500808
57.983322	38.267685	38000	11582	790.8	427	491.4	0	0	242	7741	1590500868
57.926952	38.066803	38000	11582	794.5	429	493.7	0	0	241	7741	1590500930
57.867462	37.856407	38000	11582	796.4	430	494.8	0	0	241	7741	1590500993
57.810837	37.658298	38000	11582	800.1	432	497.1	0	0	241	7741	1590501053
57.750938	37.450562	38000	11582	801.9	433	498.3	0	0	241	7741	1590501117
57.690792	37.243828	38000	11582	807.5	436	501.7	0	0	241	7741	1590501179
57.631622	37.042088	38000	11582	813	439	505.2	0	0	241	7741	1590501241
57.569092	36.831062	38000	11582	816.7	441	507.5	0	0	240	7741	1590501304
57.509537	36.631592	38000	11582	824.1	445	512.1	0	0	240	7741	1590501365
57.447922	36.427231	38000	11582	827.8	447	514.4	0	0	240	7741	1590501426
57.385128	36.220417	38000	11582	835.3	451	519	0	0	240	7741	1590501487
57.32098	36.011501	38025	11590	839	453	521.3	0	0	240	7741	1590501550
57.258183	35.80843	38000	11582	840.8	454	522.5	0	0	240	7741	1590501610
57.193752	35.601727	38000	11582	839	453	521.3	0	0	239	7741	1590501673
57.130444	35.400784	38000	11582	837.1	452	520.2	0	0	239	7741	1590501732
57.065735	35.197182	38000	11582	835.3	451	519	0	0	239	7741	1590501794
57.001328	34.995918	38000	11582	831.5	449	516.7	0	0	239	7741	1590501855
56.936096	34.794044	38000	11582	827.8	447	514.4	0	0	239	7741	1590501917
56.871471	34.595592	38000	11582	827.8	447	514.4	0	0	239	7741	1590501979
56.804253	34.390751	38000	11582	824.1	445	512.1	0	0	238	7741	1590502042
56.739441	34.195461	38000	11582	822.3	444	510.9	0	0	238	7741	1590502103
56.675163	34.002773	38000	11582	822.3	444	510.9	0	0	238	7741	1590502164
56.60915	33.806526	38000	11582	824.1	445	512.1	0	0	238	7741	1590502226
56.542236	33.609756	38000	11582	824.1	445	512.1	0	0	238	7741	1590502287
56.476429	33.417149	38000	11582	824.1	445	512.1	0	0	238	7741	1590502349
56.40976	33.223988	38000	11582	826	446	513.2	0	0	237	7741	1590502410
56.342743	33.031479	38000	11582	827.8	447	514.4	0	0	237	7741	1590502471
56.274532	32.836502	38000	11582	831.5	449	516.7	0	0	237	7741	1590502533
56.20697	32.645542	38025	11590	840.8	454	522.5	0	0	237	7741	1590502594
56.137856	32.451637	38000	11582	844.5	456	524.8	0	0	237	7741	1590502654
56.068863	32.258938	38025	11590	846.4	457	525.9	0	0	237	7741	1590502715
55.995712	32.057358	38000	11582	850.1	459	528.2	0	0	237	7741	1590502778
55.925346	31.8643	38000	11582	851.9	460	529.4	0	0	236	7741	1590502840
55.852257	31.665516	38000	11582	855.6	462	531.7	0	0	236	7741	1590502903
55.779915	31.470766	38000	11582	853.8	461	530.5	0	0	236	7741	1590502964
55.707504	31.276661	38000	11582	855.6	462	531.7	0	0	236	7741	1590503025
55.635464	31.085386	38000	11582	855.6	462	531.7	0	0	236	7741	1590503087
55.581253	30.920271	38000	11582	864.9	467	537.4	0	0	248	7741	1590503137
55.572052	30.873829	38000	11582	866.7	468	538.6	64	0.3	252	7741	1590503150
55.536026	30.648775	38000	11582	870.4	470	540.9	0	0	254	6276	1590503212
55.500458	30.420393	38000	11582	868.6	469	539.7	0	0	254	6276	1590503273
55.466759	30.196953	38000	11582	864.9	467	537.4	0	0	255	6276	1590503334
55.433147	29.977612	38000	11582	863	466	536.3	0	0	254	6276	1590503395
55.398235	29.754139	38000	11582	859.3	464	534	64	0.3	254	6276	1590503456
55.362854	29.531	38000	11582	855.6	462	531.7	0	0	254	6276	1590503517
55.328384	29.315643	38000	11582	853.8	461	530.5	0	0	254	6276	1590503578
55.292313	29.09325	38000	11582	853.8	461	530.5	0	0	254	6276	1590503640
55.256714	28.876482	38000	11582	855.6	462	531.7	0	0	253	6276	1590503700
55.220123	28.655817	38000	11582	855.6	462	531.7	0	0	253	6276	1590503761
55.182404	28.432697	38000	11582	859.3	464	534	0	0	253	6276	1590503823
55.146248	28.212309	38000	11582	859.3	464	534	0	0	255	6276	1590503884
55.11882	27.989124	38000	11582	861.2	465	535.1	0	0	258	6276	1590503946
55.092316	27.765762	38000	11582	861.2	465	535.1	0	0	258	6276	1590504007
55.065033	27.541189	38025	11590	864.9	467	537.4	0	0	257	6276	1590504068
55.037201	27.318556	38000	11582	866.7	468	538.6	0	0	257	6276	1590504128
55.008453	27.094282	38025	11590	868.6	469	539.7	0	0	257	6276	1590504190
54.979355	26.870146	38025	11590	872.3	471	542	0	0	257	6276	1590504250
54.949516	26.644011	38025	11590	876	473	544.3	-64	-0.3	257	6276	1590504311
54.919601	26.419535	38000	11582	876	473	544.3	0	0	256	6276	1590504372
54.888161	26.189241	38000	11582	876	473	544.3	0	0	256	6276	1590504434
54.857159	25.964689	38000	11582	881.6	476	547.8	0	0	256	6276	1590504496
54.834778	25.732565	38000	11582	883.4	477	548.9	0	0	269	6276	1590504558
54.843796	25.498541	38000	11582	883.4	477	548.9	0	0	274	6276	1590504619
54.854828	25.26922	38000	11582	885.3	478	550.1	0	0	274	6276	1590504680
54.865398	25.032265	38000	11582	889	480	552.4	0	0	274	6276	1590504741
54.875217	24.797224	38000	11582	892.7	482	554.7	0	0	274	6276	1590504803
54.884438	24.561352	38000	11582	898.2	485	558.1	0	0	273	6276	1590504864
54.89328	24.32473	38025	11590	898.2	485	558.1	64	0.3	273	6276	1590504925
54.901985	24.08744	38000	11582	901.9	487	560.4	0	0	273	6276	1590504986
54.909943	23.849461	38000	11582	901.9	487	560.4	0	0	273	6276	1590505047
54.917534	23.609119	38000	11582	898.2	485	558.1	0	0	273	6276	1590505108
54.924519	23.377241	38000	11582	896.4	484	557	0	0	272	6276	1590505168
54.931137	23.141569	38000	11582	894.5	483	555.8	64	0.3	272	6276	1590505230
54.937317	22.900436	38000	11582	892.7	482	554.7	0	0	272	6276	1590505291
54.930725	22.662857	38000	11582	898.2	485	558.1	0	0	258	6276	1590505354
54.897171	22.42972	38000	11582	900.1	486	559.3	-64	-0.3	255	6276	1590505414
54.863113	22.201511	38000	11582	901.9	487	560.4	0	0	255	6276	1590505475
54.828598	21.97193	38000	11582	903.8	488	561.6	-64	-0.3	255	6276	1590505537
54.793102	21.739281	38000	11582	903.8	488	561.6	-64	-0.3	255	6276	1590505598
54.757416	21.508322	38025	11590	905.6	489	562.7	0	0	254	6276	1590505659
54.72076	21.274858	38000	11582	907.5	490	563.9	-64	-0.3	254	6276	1590505722
54.683563	21.041649	38000	11582	907.5	490	563.9	0	0	254	6276	1590505783
54.645859	20.807783	38000	11582	911.2	492	566.2	0	0	254	6276	1590505845
54.607731	20.575811	38025	11590	909.3	491	565	0	0	253	6276	1590505907
54.568859	20.348927	38000	11582	913	493	567.3	0	0	253	6276	1590505967
54.529522	20.12071	38000	11582	911.2	492	566.2	-64	-0.3	253	6276	1590506029
54.48967	19.891232	38000	11582	913	493	567.3	0	0	253	6276	1590506090
54.458157	19.74934	38000	11582	926	500	575.4	0	0	240	6276	1590506128
54.420635	19.662697	38000	11582	933.4	504	580	64	0.3	226	6276	1590506156
54.410629	19.64572	38000	11582	935.3	505	581.1	0	0	223	6276	1590506162
54.399857	19.629337	38025	11590	935.3	505	581.1	0	0	221	6276	1590506168
54.287292	19.461149	38000	11582	935.3	505	581.1	0	0	220	6276	1590506232
54.179543	19.303463	38025	11590	939	507	583.4	0	0	220	6276	1590506293
54.068298	19.141401	38000	11582	942.7	509	585.7	0	0	220	6276	1590506355
53.955734	18.978098	38025	11590	944.5	510	586.9	0	0	220	6276	1590506418
53.84623	18.820549	38000	11582	948.2	512	589.2	0	0	220	6276	1590506480
53.733711	18.659714	38025	11590	950.1	513	590.3	0	0	220	6276	1590506542
53.623428	18.503239	38025	11590	951.9	514	591.5	-64	-0.3	220	6276	1590506603
53.509689	18.34293	38000	11582	950.1	513	590.3	0	0	219	6276	1590506664
53.399513	18.188917	38000	11582	951.9	514	591.5	0	0	219	6276	1590506726
53.287136	18.033089	38000	11582	951.9	514	591.5	0	0	219	6276	1590506787
53.1749	17.878471	38000	11582	951.9	514	591.5	0	0	219	6276	1590506848
53.062988	17.725264	38000	11582	953.8	515	592.7	0	0	219	6276	1590506909
52.949028	17.57012	38000	11582	951.9	514	591.5	0	0	219	6276	1590506971
52.838104	17.420502	38025	11590	950.1	513	590.3	0	0	219	6276	1590507032
52.727371	17.272339	38000	11582	951.9	514	591.5	0	0	219	6276	1590507092
52.612885	17.119598	38000	11582	951.9	514	591.5	0	0	218	6276	1590507154
52.4991	16.968933	38025	11590	953.8	515	592.7	-64	-0.3	218	6276	1590507216
52.383652	16.817715	38025	11590	957.5	517	595	0	0	218	6276	1590507278
52.266712	16.665239	38025	11590	959.3	518	596.1	64	0.3	218	6276	1590507340
52.150375	16.514334	38000	11582	963	520	598.4	0	0	218	6276	1590507402
52.033764	16.364214	38025	11590	964.9	521	599.6	-64	-0.3	218	6276	1590507465
51.914246	16.211319	38000	11582	970.4	524	603	0	0	218	6276	1590507527
51.799164	16.065798	38025	11590	970.4	524	603	0	0	218	6276	1590507588
51.68034	15.916214	38000	11582	972.3	525	604.2	0	0	218	6276	1590507650
51.562912	15.769167	38025	11590	972.3	525	604.2	0	0	217	6276	1590507711
51.447205	15.625305	38025	11590	970.4	524	603	-64	-0.3	217	6276	1590507772
51.33046	15.480924	38000	11582	968.6	523	601.9	0	0	217	6276	1590507833
51.213467	15.337601	38025	11590	968.6	523	601.9	-64	-0.3	217	6276	1590507894
51.095551	15.193787	38000	11582	966.7	522	600.7	-64	-0.3	217	6276	1590507956
50.98407	15.047336	38025	11590	959.3	518	596.1	0	0	223	6276	1590508015
50.878525	14.887238	37975	11575	966.7	522	600.7	64	0.3	221	6276	1590508077
50.763351	14.74205	38025	11590	968.6	523	601.9	0	0	217	6276	1590508137
50.645016	14.602612	38000	11582	970.4	524	603	-64	-0.3	216	6276	1590508199
50.524632	14.463575	38000	11582	972.3	525	604.2	0	0	216	6276	1590508260
50.405777	14.327111	38000	11582	979.7	529	608.8	0	0	216	6276	1590508321
50.284561	14.189132	38000	11582	987.1	533	613.4	0	0	216	6276	1590508382
50.162365	14.050994	38025	11590	992.7	536	616.8	0	0	215	6276	1590508444
50.040443	13.913665	38000	11582	994.5	537	618	0	0	215	6276	1590508504
49.918167	13.777144	37650	11476	983.4	531	611.1	-832	-4.2	215	6276	1590508565
49.795853	13.641478	36225	11041	989	534	614.5	-1472	-7.5	215	6276	1590508626
49.672913	13.504795	34875	10630	992.7	536	616.8	-1792	-9.1	215	6276	1590508688
49.545914	13.365952	33000	10058	1018.6	550	632.9	-1344	-6.8	215	6276	1590508749
49.42424	13.223736	31600	9632	1011.2	546	628.3	-2688	-13.7	217	6276	1590508810
49.299377	13.076838	28025	8542	1022.3	552	635.2	-3392	-17.2	217	6276	1590508871
49.177597	12.935767	25300	7711	974.2	526	605.3	-3648	-18.5	217	6276	1590508933
49.064056	12.804927	22000	6706	900.1	486	559.3	-3648	-18.5	217	6276	1590508994
48.959034	12.684728	18350	5593	822.3	444	510.9	-4288	-21.8	217	6276	1590509054
48.865559	12.569082	14325	4366	753.8	407	468.4	-3840	-19.5	220	6276	1590509116
48.821548	12.513216	12425	3787	718.6	388	446.5	-3392	-17.2	219	6276	1590509148
48.778336	12.46075	10875	3315	670.4	362	416.6	-1600	-8.1	214	6276	1590509179
48.770233	12.453637	10750	3277	648.2	350	402.8	-1472	-7.5	207	6276	1590509185
48.76062	12.446946	10575	3223	633.4	342	393.6	-1408	-7.2	203	6276	1590509191
48.739727	12.433704	10250	3124	598.2	323	371.7	-1280	-6.5	202	6276	1590509206
48.723576	12.423224	10000	3048	572.3	309	355.6	-1216	-6.2	203	6276	1590509218
48.708435	12.413424	9725	2964	550	297	341.8	-1536	-7.8	203	6276	1590509230
48.693054	12.403564	9325	2842	535.2	289	332.6	-2240	-11.4	202	6276	1590509242
48.67836	12.394128	8875	2705	535.2	289	332.6	-2304	-11.7	203	6276	1590509255
48.663616	12.384555	8425	2568	537.1	290	333.7	-2176	-11.1	203	6276	1590509266
48.648834	12.374761	7975	2431	537.1	290	333.7	-2304	-11.7	203	6276	1590509279
48.634426	12.365112	7550	2301	535.2	289	332.6	-2048	-10.4	203	6276	1590509290
48.619583	12.355323	7175	2187	537.1	290	333.7	-1664	-8.5	203	6276	1590509302
48.605164	12.345957	6875	2096	535.2	289	332.6	-1728	-8.8	203	6276	1590509315
48.589966	12.336167	6450	1966	527.8	285	328	-1984	-10.1	202	6276	1590509326
48.575443	12.327022	6075	1852	524.1	283	325.7	-1728	-8.8	202	6276	1590509339
48.561859	12.318562	5700	1737	518.6	280	322.2	-1920	-9.8	202	6276	1590509350
48.546535	12.308952	5250	1600	514.9	278	319.9	-2112	-10.7	202	6276	1590509363
48.532104	12.299969	4900	1494	514.9	278	319.9	-1088	-5.5	202	6276	1590509375
48.51796	12.291236	4775	1455	505.6	273	314.2	-448	-2.3	202	6276	1590509387
48.511002	12.286941	4725	1440	500	270	310.7	-384	-2	202	6276	1590509393
48.497189	12.27845	4650	1417	483.4	261	300.4	-320	-1.6	202	6276	1590509405
48.490768	12.274546	4600	1402	477.8	258	296.9	-320	-1.6	202	6276	1590509411
48.477814	12.266517	4550	1387	459.3	248	285.4	-192	-1	202	6276	1590509423
48.471123	12.262332	4525	1379	459.3	248	285.4	-192	-1	202	6276	1590509429
48.465164	12.258574	4500	1372	457.4	247	284.2	-192	-1	202	6276	1590509436
48.452133	12.250249	4500	1372	457.4	247	284.2	0	0	203	6276	1590509448
48.44603	12.246359	4475	1364	453.7	245	281.9	-256	-1.3	203	6276	1590509454
48.433594	12.238276	4450	1356	450	243	279.6	128	0.7	203	6276	1590509465
48.427456	12.233421	4475	1364	453.7	245	281.9	-64	-0.3	211	6276	1590509471
48.422333	12.226797	4450	1356	450	243	279.6	-128	-0.7	224	6276	1590509478
48.418003	12.218821	4475	1364	450	243	279.6	320	1.6	232	6276	1590509484
48.414001	12.210811	4500	1372	450	243	279.6	192	1	233	6276	1590509490
48.40979	12.202571	4500	1372	453.7	245	281.9	-64	-0.3	232	6276	1590509496
48.405991	12.195317	4475	1364	451.9	244	280.8	-256	-1.3	231	6276	1590509502
48.401596	12.187078	4450	1356	446.3	241	277.3	-64	-0.3	231	6276	1590509508
48.396267	12.173863	4450	1356	438.9	237	272.7	128	0.7	244	6276	1590509517
48.393585	12.163837	4475	1364	438.9	237	272.7	256	1.3	249	6276	1590509523
48.391983	12.155215	4475	1364	435.2	235	270.4	-64	-0.3	256	6276	1590509529
48.391098	12.146109	4475	1364	431.5	233	268.1	-64	-0.3	263	6276	1590509535
48.39061	12.135174	4450	1356	426	230	264.7	-128	-0.7	266	6276	1590509541
48.390259	12.126666	4450	1356	418.6	226	260.1	-128	-0.7	265	6276	1590509547
48.389656	12.117197	4425	1349	413	223	256.6	-128	-0.7	263	6276	1590509553
48.387886	12.100212	4475	1364	388.9	210	241.7	256	1.3	260	6276	1590509564
48.387093	12.090743	4450	1356	376	203	233.6	-384	-2	263	6276	1590509570
48.386581	12.082937	4400	1341	370.4	200	230.2	-1024	-5.2	264	6276	1590509576
48.386078	12.075031	4300	1311	364.8	197	226.7	-960	-4.9	264	6276	1590509582
48.385483	12.066721	4200	1280	361.1	195	224.4	-1024	-5.2	263	6276	1590509588
48.384888	12.059045	4100	1250	357.4	193	222.1	-960	-4.9	263	6276	1590509594
48.384247	12.050735	3975	1212	351.9	190	218.6	-1024	-5.2	263	6276	1590509600
48.383652	12.042988	3875	1181	348.2	188	216.3	-1024	-5.2	263	6276	1590509606
48.383057	12.035311	3775	1151	344.5	186	214	-960	-4.9	263	6276	1590509612
48.382484	12.027572	3675	1120	340.8	184	211.7	-1024	-5.2	263	6276	1590509618
48.381912	12.019888	3575	1090	337.1	182	209.4	-1024	-5.2	263	6276	1590509624
48.381321	12.011888	3450	1052	335.2	181	208.3	-1024	-5.2	263	6276	1590509631
48.380722	12.004183	3350	1021	329.7	178	204.8	-1024	-5.2	263	6276	1590509638
48.379669	11.989887	3175	968	326	176	202.5	-960	-4.9	263	6276	1590509649
48.379086	11.982326	3075	937	329.7	178	204.8	-1152	-5.9	263	6276	1590509655
48.378525	11.975168	2975	907	329.7	178	204.8	-960	-4.9	263	6276	1590509661
48.377975	11.96728	2875	876	324.1	175	201.4	-1024	-5.2	264	6276	1590509667
48.3769	11.95298	2675	815	316.7	171	196.8	-960	-4.9	262	6276	1590509679
48.376339	11.946186	2575	785	313	169	194.5	-1088	-5.5	263	6276	1590509685
48.375782	11.939176	2475	754	303.7	164	188.7	-832	-4.2	263	6276	1590509691
48.37532	11.932631	2400	732	294.5	159	183	-832	-4.2	263	6276	1590509697
48.374863	11.926223	2325	709	290.8	157	180.7	-832	-4.2	263	6276	1590509703
48.37434	11.919732	2250	686	287.1	155	178.4	-832	-4.2	263	6276	1590509709
48.37392	11.914166	2175	663	279.7	151	173.8	-832	-4.2	263	6276	1590509715
48.373455	11.9073	2075	632	272.2	147	169.2	-768	-3.9	263	6276	1590509722
48.372528	11.895728	1925	587	268.5	145	166.9	-768	-3.9	263	6276	1590509732
48.372025	11.888968	1825	556	270.4	146	168	-832	-4.2	263	6276	1590509740
48.371063	11.877066	1675	511	268.5	145	166.9	-768	-3.9	263	6276	1590509752
48.370567	11.870511	1575	480	268.5	145	166.9	-768	-3.9	263	6276	1590509758
48.36969	11.858544	1450	442	274.1	148	170.3	-640	-3.3	263	6276	1590509770
48.369267	11.852513	1375	419	274.1	148	170.3	-832	-4.2	263	6276	1590509776
48.365402	11.801702	925	282	211.1	114	131.2	-128	-0.7	263	6276	1590509827
48.363388	11.781066	0	0	79.6	43	49.5	0	0	241	6276	1590509870
48.362747	11.779675	0	0	72.2	39	44.9	0	0	233	6276	1590509876
48.36216	11.778418	0	0	63	34	39.1	0	0	236	6276	1590509882
48.361736	11.777542	0	0	50	27	31.1	0	0	233	6276	1590509888
48.361198	11.776834	0	0	40.7	22	25.3	0	0	210	6276	1590509894
48.360558	11.776622	0	0	40.7	22	25.3	0	0	182	6276	1590509901
48.359978	11.776711	0	0	40.7	22	25.3	0	0	174	6276	1590509907
48.359058	11.776855	0	0	38.9	21	24.2	0	0	174	6276	1590509916
48.358532	11.776957	0	0	35.2	19	21.9	0	0	174	6276	1590509922
48.357487	11.777145	0	0	33.3	18	20.7	0	0	174	6276	1590509934
48.356907	11.777235	0	0	37	20	23	0	0	174	6276	1590509940
48.356346	11.777326	0	0	38.9	21	24.2	0	0	174	6276	1590509946
48.355694	11.777452	0	0	42.6	23	26.5	0	0	171	6276	1590509952
48.355087	11.777555	0	0	42.6	23	26.5	0	0	174	6276	1590509958
48.354378	11.777678	0	0	44.4	24	27.6	0	0	174	6276	1590509964
48.353844	11.777778	0	0	33.3	18	20.7	0	0	171	6276	1590509970
48.353287	11.777867	0	0	35.2	19	21.9	0	0	174	6276	1590509976
48.352703	11.777976	0	0	37	20	23	0	0	174	6276	1590509983
48.351585	11.778172	0	0	35.2	19	21.9	0	0	171	6276	1590509993
48.350201	11.7784	0	0	31.5	17	19.6	0	0	174	6276	1590510010
48.349239	11.778576	0	0	31.5	17	19.6	0	0	174	6276	1590510021
48.348259	11.778735	0	0	31.5	17	19.6	0	0	174	6276	1590510033
48.347683	11.77884	0	0	61.1	33	38	0	0	174	6276	1590510041
48.347363	11.778893	0	0	46.3	25	28.8	0	0	171	6276	1590510047
48.347084	11.778934	0	0	42.6	23	26.5	0	0	174	6276	1590510054
48.346779	11.778862	0	0	50	27	31.1	0	0	194	6276	1590510061
48.34647	11.776851	0	0	29.6	16	18.4	0	0	264	6276	1590510081
48.346333	11.774984	0	0	55.6	30	34.5	0	0	264	6276	1590510099
48.347908	11.772303	0	0	55.6	30	34.5	0	0	264	6276	1590510155
48.347828	11.771218	0	0	57.4	31	35.7	0	0	264	6276	1590510168
48.3475	11.767098	0	0	55.6	30	34.5	0	0	264	6276	1590510210
48.348186	11.766412	0	0	35.2	19	21.9	0	0	354	6276	1590510238