latitude	longitude	altitude_feet	altitude_meters	speed_kmh	speed_kts	speed_mph	verticalSpeed_fpm	verticalSpeed_ms	heading	squawk	timestamp
40.919952	24.62204	0	0	0	0	0	0	0	210	0	1590477575
40.919941	24.62225	0	0	22.2	12	13.8	0	0	140	7000	1590478441
40.919662	24.622499	0	0	33.3	18	20.7	0	0	151	7000	1590478452
40.919426	24.622467	0	0	42.6	23	26.5	0	0	205	7000	1590478459
40.919071	24.622208	0	0	46.3	25	28.8	0	0	199	7000	1590478468
40.918785	24.622208	0	0	48.2	26	29.9	0	0	171	7000	1590478474
40.918385	24.622467	0	0	46.3	25	28.8	0	0	146	7000	1590478484
40.918045	24.622608	0	0	38.9	21	24.2	0	0	188	7000	1590478492
40.917835	24.622482	0	0	42.6	23	26.5	0	0	219	7000	1590478499
40.91766	24.622187	0	0	46.3	25	28.8	0	0	236	7000	1590478505
40.917393	24.621704	0	0	51.9	28	32.2	0	0	236	7000	1590478513
40.917194	24.621323	0	0	55.6	30	34.5	0	0	236	7000	1590478519
40.916996	24.620924	0	0	57.4	31	35.7	0	0	236	7000	1590478526
40.916565	24.620111	0	0	57.4	31	35.7	0	0	236	7000	1590478538
40.916134	24.619284	0	0	55.6	30	34.5	0	0	236	7000	1590478550
40.91573	24.618504	0	0	57.4	31	35.7	0	0	236	7000	1590478562
40.91552	24.618114	0	0	57.4	31	35.7	0	0	233	7000	1590478568
40.915295	24.617706	0	0	57.4	31	35.7	0	0	236	7000	1590478574
40.915089	24.617294	0	0	59.3	32	36.8	0	0	236	7000	1590478580
40.914867	24.61688	0	0	57.4	31	35.7	0	0	236	7000	1590478586
40.914658	24.616476	0	0	59.3	32	36.8	0	0	236	7000	1590478592
40.914436	24.616058	0	0	59.3	32	36.8	0	0	233	7000	1590478599
40.913994	24.615211	0	0	61.1	33	38	0	0	236	7000	1590478610
40.913761	24.614775	0	0	59.3	32	36.8	0	0	233	7000	1590478617
40.91333	24.613962	0	0	57.4	31	35.7	0	0	236	7000	1590478629
40.912994	24.613543	0	0	48.2	26	29.9	0	0	196	7000	1590478638
40.912678	24.613588	0	0	44.4	24	27.6	0	0	154	7000	1590478644
40.912445	24.61376	0	0	44.4	24	27.6	0	0	149	7000	1590478650
40.912189	24.61401	0	0	22.2	12	13.8	0	0	115	7000	1590478659
40.912014	24.614212	0	0	38.9	21	24.2	0	0	146	7000	1590479004
40.911758	24.614447	0	0	53.7	29	33.4	0	0	146	7000	1590479010
40.911526	24.614744	0	0	46.3	25	28.8	0	0	118	7000	1590479016
40.911552	24.615005	0	0	22.2	12	13.8	0	0	56	7000	1590479022
40.911736	24.615335	0	0	42.6	23	26.5	0	0	59	7000	1590479044
40.912342	24.616554	0	0	85.2	46	52.9	-64	-0.3	57	7000	1590479050
40.913406	24.618347	0	0	118.5	64	73.6	0	0	51	7000	1590479056
40.914505	24.620361	0	0	129.6	70	80.6	512	2.6	54	7000	1590479062
40.916157	24.623732	0	0	137	74	85.2	704	3.6	58	7000	1590479072
40.917435	24.62616	75	23	142.6	77	88.6	704	3.6	53	7000	1590479078
40.918671	24.628414	150	46	144.5	78	89.8	640	3.3	54	7000	1590479084
40.920116	24.631161	225	69	142.6	77	88.6	768	3.9	56	7000	1590479091
40.921467	24.633657	300	91	148.2	80	92.1	256	1.3	53	7000	1590479097
40.922863	24.63603	325	99	153.7	83	95.5	384	2	51	7000	1590479104
40.925377	24.63965	450	137	153.7	83	95.5	960	4.9	44	7000	1590479112
40.92696	24.641148	550	168	155.6	84	96.7	896	4.6	27	7000	1590479118
40.929379	24.641897	600	183	166.7	90	103.6	640	3.3	6	7000	1590479124
40.932449	24.641541	675	206	177.8	96	110.5	640	3.3	345	7000	1590479131
40.935013	24.640076	775	236	179.6	97	111.6	1024	5.2	331	7000	1590479138
40.937393	24.638	875	267	175.9	95	109.3	768	3.9	323	7000	1590479144
40.939499	24.635681	950	290	175.9	95	109.3	576	2.9	318	7000	1590479151
40.942108	24.632385	1025	312	181.5	98	112.8	576	2.9	314	7000	1590479158
40.943764	24.629974	1100	335	179.6	97	111.6	704	3.6	310	7000	1590479164
40.945999	24.626291	1175	358	179.6	97	111.6	576	2.9	307	7000	1590479171
40.947693	24.623413	1250	381	179.6	97	111.6	704	3.6	306	7000	1590479178
40.949165	24.620735	1350	411	181.5	98	112.8	1024	5.2	305	7000	1590479184
40.950897	24.617554	1425	434	181.5	98	112.8	576	2.9	306	7000	1590479190
40.952545	24.614563	1500	457	177.8	96	110.5	640	3.3	305	7000	1590479196
40.954147	24.611511	1550	472	179.6	97	111.6	704	3.6	304	7000	1590479202
40.955494	24.609001	1600	488	183.3	99	113.9	640	3.3	304	7000	1590479208
40.957031	24.605835	1725	526	187.1	101	116.2	1152	5.9	302	7000	1590479214
40.958725	24.602478	1825	556	183.3	99	113.9	896	4.6	304	7000	1590479220
40.960281	24.599487	1900	579	181.5	98	112.8	832	4.2	305	7000	1590479226
40.962292	24.596453	1975	602	183.3	99	113.9	576	2.9	312	7000	1590479233
40.964355	24.592163	2075	632	185.2	100	115.1	768	3.9	294	7000	1590479240
40.965454	24.588562	2175	663	183.3	99	113.9	768	3.9	290	7000	1590479246
40.966278	24.584961	2250	686	179.6	97	111.6	896	4.6	283	7000	1590479254
40.966736	24.581116	2325	709	185.2	100	115.1	576	2.9	275	7000	1590479260
40.96669	24.577576	2400	732	185.2	100	115.1	704	3.6	265	7000	1590479266
40.966278	24.573547	2475	754	187.1	101	116.2	576	2.9	260	7000	1590479272
40.965729	24.570129	2525	770	188.9	102	117.4	640	3.3	256	7000	1590479278
40.964859	24.566162	2600	792	190.8	103	118.5	640	3.3	252	7000	1590479285
40.963989	24.562744	2650	808	192.6	104	119.7	512	2.6	251	7000	1590479291
40.962067	24.555298	2800	853	190.8	103	118.5	768	3.9	250	7000	1590479302
40.961014	24.551575	2875	876	192.6	104	119.7	704	3.6	249	7000	1590479308
40.959915	24.547729	2950	899	192.6	104	119.7	832	4.2	249	7000	1590479314
40.958939	24.544331	3025	922	192.6	104	119.7	768	3.9	249	7000	1590479320
40.957821	24.540461	3100	945	196.3	106	122	448	2.3	248	7000	1590479327
40.956665	24.536804	3150	960	198.2	107	123.1	576	2.9	247	7000	1590479334
40.955402	24.53297	3225	983	198.2	107	123.1	704	3.6	246	7000	1590479340
40.954239	24.529236	3300	1006	201.9	109	125.4	576	2.9	248	7000	1590479346
40.953262	24.525291	3350	1021	207.4	112	128.9	448	2.3	254	7000	1590479352
40.952469	24.52136	3350	1021	218.5	118	135.8	-128	-0.7	254	7000	1590479358
40.951584	24.516846	3350	1021	225.9	122	140.4	0	0	255	7000	1590479364
40.950653	24.512245	3350	1021	227.8	123	141.5	64	0.3	255	7000	1590479370
40.949863	24.507814	3350	1021	229.6	124	142.7	0	0	257	7000	1590479376
40.949116	24.503382	3350	1021	229.6	124	142.7	0	0	257	7000	1590479382
40.948418	24.498888	3350	1021	229.6	124	142.7	0	0	257	7000	1590479388
40.947647	24.494141	3350	1021	229.6	124	142.7	0	0	257	7000	1590479394
40.946915	24.489685	3350	1021	231.5	125	143.8	0	0	257	7000	1590479400
40.946186	24.485279	3350	1021	231.5	125	143.8	0	0	257	7000	1590479406
40.945393	24.480286	3350	1021	231.5	125	143.8	0	0	258	7000	1590479412
40.94479	24.475792	3350	1021	231.5	125	143.8	0	0	260	7000	1590479418
40.944229	24.470922	3350	1021	231.5	125	143.8	0	0	260	7000	1590479424
40.943665	24.466492	3350	1021	229.6	124	142.7	0	0	260	7000	1590479432
40.943115	24.461853	3350	1021	231.5	125	143.8	0	0	260	7000	1590479438
40.942509	24.45694	3350	1021	229.6	124	142.7	0	0	260	7000	1590479444
40.941391	24.447826	3350	1021	231.5	125	143.8	0	0	260	7000	1590479456
40.940781	24.443054	3325	1013	235.2	127	146.1	-128	-0.7	260	7000	1590479462
40.94014	24.438293	3325	1013	238.9	129	148.5	-192	-1	259	7000	1590479468
40.939529	24.433844	3300	1006	240.8	130	149.6	-128	-0.7	259	7000	1590479474
40.938812	24.428772	3300	1006	238.9	129	148.5	64	0.3	258	7000	1590479480
40.93808	24.424133	3300	1006	237.1	128	147.3	64	0.3	258	7000	1590479486
40.937347	24.41925	3325	1013	235.2	127	146.1	0	0	258	7000	1590479493
40.935745	24.409912	3300	1006	235.2	127	146.1	0	0	258	7000	1590479505
40.935104	24.405067	3325	1013	237.1	128	147.3	64	0.3	261	7000	1590479512
40.934921	24.40033	3325	1013	235.2	127	146.1	128	0.7	269	7000	1590479518
40.936432	24.384644	3450	1052	214.8	116	133.5	320	1.6	284	7000	1590479539
40.937481	24.380535	3475	1059	214.8	116	133.5	256	1.3	290	7000	1590479545
40.93906	24.376352	3475	1059	216.7	117	134.6	128	0.7	299	7000	1590479552
40.940872	24.372681	3550	1082	213	115	132.3	704	3.6	304	7000	1590479558
40.942741	24.369173	3625	1105	214.8	116	133.5	576	2.9	305	7000	1590479564
40.944717	24.36554	3700	1128	213	115	132.3	960	4.9	306	7000	1590479570
40.946697	24.362246	3825	1166	203.7	110	126.6	1152	5.9	309	7000	1590479576
40.9487	24.359312	3925	1196	198.2	107	123.1	1024	5.2	312	7000	1590479582
40.950851	24.356262	4000	1219	200	108	124.3	704	3.6	313	7000	1590479588
40.952957	24.353333	4050	1234	203.7	110	126.6	512	2.6	312	7000	1590479594
40.955017	24.350342	4125	1257	201.9	109	125.4	704	3.6	312	7000	1590479600
40.957214	24.34729	4225	1288	196.3	106	122	896	4.6	315	7000	1590479607
40.961502	24.341833	4350	1326	196.3	106	122	576	2.9	315	7000	1590479618
40.963547	24.339211	4425	1349	194.5	105	120.8	768	3.9	315	7000	1590479624
40.965736	24.336277	4525	1379	190.8	103	118.5	960	4.9	314	7000	1590479631
40.967789	24.333435	4625	1410	188.9	102	117.4	896	4.6	312	7000	1590479638
40.96962	24.330383	4700	1433	190.8	103	118.5	768	3.9	307	7000	1590479644
40.971554	24.327164	4775	1455	188.9	102	117.4	768	3.9	309	7000	1590479650
40.973511	24.32448	4875	1486	187.1	101	116.2	768	3.9	315	7000	1590479656
40.975708	24.321838	4950	1509	185.2	100	115.1	768	3.9	319	7000	1590479662
40.977886	24.319487	5025	1532	187.1	101	116.2	768	3.9	322	7000	1590479668
40.980194	24.317078	5100	1554	185.2	100	115.1	768	3.9	321	7000	1590479675
40.982403	24.314804	5200	1585	181.5	98	112.8	896	4.6	324	7000	1590479681
40.989201	24.309374	5350	1631	196.3	106	122	64	0.3	328	7000	1590479698
40.993835	24.305542	5375	1638	214.8	116	133.5	128	0.7	327	7000	1590479709
40.999695	24.300598	5350	1631	220.4	119	136.9	-64	-0.3	327	7000	1590479720
41.005234	24.295776	5350	1631	222.2	120	138.1	-64	-0.3	323	7000	1590479734
41.010708	24.290085	5350	1631	222.2	120	138.1	0	0	320	7000	1590479746
41.015781	24.284468	5375	1638	218.5	118	135.8	0	0	319	7000	1590479758
41.020947	24.278475	5375	1638	216.7	117	134.6	0	0	318	7000	1590479770
41.026016	24.272522	5400	1646	214.8	116	133.5	192	1	317	7000	1590479783
41.030823	24.266846	5450	1661	213	115	132.3	256	1.3	318	7000	1590479794
41.036041	24.260864	5400	1646	222.2	120	138.1	-192	-1	319	7000	1590479807
41.041306	24.255005	5350	1631	225.9	122	140.4	-320	-1.6	319	7000	1590479820
41.046616	24.248901	5350	1631	224.1	121	139.2	0	0	318	7000	1590479833
41.050919	24.243774	5350	1631	224.1	121	139.2	-128	-0.7	317	7000	1590479842
41.057117	24.23665	5300	1615	225.9	122	140.4	-64	-0.3	319	7000	1590479856
41.062378	24.230597	5325	1623	224.1	121	139.2	64	0.3	318	7000	1590479869
41.067593	24.224667	5325	1623	220.4	119	136.9	0	0	319	7000	1590479882
41.072754	24.218689	5325	1623	222.2	120	138.1	0	0	318	7000	1590479894
41.077881	24.213013	5350	1631	216.7	117	134.6	128	0.7	320	7000	1590479906
41.083145	24.207397	5350	1631	213	115	132.3	0	0	322	7000	1590479918
41.088409	24.202026	5375	1638	211.1	114	131.2	64	0.3	321	7000	1590479931
41.092804	24.197327	5350	1631	213	115	132.3	0	0	320	7000	1590479942
41.098068	24.191162	5350	1631	218.5	118	135.8	-64	-0.3	316	7000	1590479954
41.10302	24.185091	5350	1631	213	115	132.3	0	0	319	7000	1590479966
41.108746	24.179098	5325	1623	214.8	116	133.5	-128	-0.7	322	7000	1590479980
41.114239	24.173668	5350	1631	207.4	112	128.9	192	1	323	7000	1590479994
41.119492	24.168396	5375	1638	207.4	112	128.9	0	0	322	7000	1590480006
41.12434	24.162619	5450	1661	198.2	107	123.1	320	1.6	309	7000	1590480020
41.125854	24.158997	5475	1669	198.2	107	123.1	320	1.6	293	7000	1590480026
41.126587	24.154785	5500	1676	203.7	110	126.6	128	0.7	276	7000	1590480032
41.126312	24.150146	5550	1692	211.1	114	131.2	512	2.6	258	7000	1590480038
41.125168	24.145691	5600	1707	216.7	117	134.6	384	2	246	7000	1590480046
41.123783	24.141832	5650	1722	218.5	118	135.8	448	2.3	242	7000	1590480052
41.122059	24.137836	5700	1737	216.7	117	134.6	640	3.3	240	7000	1590480058
41.120476	24.134153	5800	1768	211.1	114	131.2	768	3.9	239	7000	1590480064
41.118164	24.129211	5875	1791	211.1	114	131.2	576	2.9	238	7000	1590480072
41.114704	24.121357	6000	1829	213	115	132.3	576	2.9	239	7000	1590480084
41.111343	24.113586	6150	1875	209.3	113	130	704	3.6	240	7000	1590480098
41.107815	24.10569	6325	1928	203.7	110	126.6	768	3.9	239	7000	1590480110
41.104294	24.097534	6350	1935	224.1	121	139.2	64	0.3	241	7000	1590480124
41.100769	24.088867	6400	1951	233.4	126	145	0	0	242	7000	1590480136
41.097565	24.080261	6400	1951	242.6	131	150.8	0	0	244	7000	1590480150
41.094269	24.070618	6400	1951	248.2	134	154.2	0	0	246	7000	1590480162
41.091064	24.060608	6375	1943	257.4	139	160	-256	-1.3	247	7000	1590480174
41.088226	24.051147	6325	1928	261.1	141	162.3	-128	-0.7	247	7000	1590480188
41.084976	24.040894	6350	1935	251.9	136	156.5	0	0	247	7000	1590480200
41.082165	24.030846	6325	1928	242.6	131	150.8	0	0	252	7000	1590480213
41.080254	24.022793	6325	1928	237.1	128	147.3	-64	-0.3	252	7000	1590480224
41.078247	24.014404	6300	1920	231.5	125	143.8	-64	-0.3	252	7000	1590480235
41.076004	24.004883	6300	1920	229.6	124	142.7	0	0	252	7000	1590480248
41.073944	23.996277	6300	1920	225.9	122	140.4	-64	-0.3	252	7000	1590480260
41.072014	23.987524	6250	1905	227.8	123	141.5	-320	-1.6	255	7000	1590480272
41.070465	23.979675	6300	1920	218.5	118	135.8	320	1.6	254	7000	1590480284
41.068569	23.971418	6325	1928	214.8	116	133.5	128	0.7	252	7000	1590480296
41.066708	23.963928	6325	1928	218.5	118	135.8	-64	-0.3	251	7000	1590480307
41.064754	23.955812	6350	1935	214.8	116	133.5	256	1.3	252	7000	1590480318
41.062752	23.947449	6400	1951	211.1	114	131.2	0	0	252	7000	1590480330
41.061081	23.939087	6400	1951	213	115	132.3	0	0	257	7000	1590480343
41.059845	23.930542	6400	1951	214.8	116	133.5	128	0.7	261	7000	1590480355
41.059387	23.924377	6425	1958	214.8	116	133.5	64	0.3	266	7000	1590480364
41.059212	23.919983	6425	1958	218.5	118	135.8	-192	-1	267	7000	1590480370
41.059029	23.9153	6375	1943	224.1	121	139.2	-320	-1.6	268	7000	1590480376
41.059204	23.905823	6325	1928	229.6	124	142.7	-128	-0.7	275	7000	1590480390
41.05991	23.898821	6325	1928	231.5	125	143.8	-64	-0.3	277	7000	1590480398
41.060349	23.894592	6300	1920	231.5	125	143.8	-64	-0.3	278	7000	1590480404
41.061356	23.885193	6300	1920	231.5	125	143.8	-64	-0.3	278	7000	1590480416
41.062317	23.876404	6300	1920	231.5	125	143.8	-64	-0.3	277	7000	1590480428
41.063358	23.866611	6275	1913	229.6	124	142.7	-128	-0.7	277	7000	1590480440
41.064289	23.857248	6275	1913	227.8	123	141.5	0	0	277	7000	1590480453
41.065384	23.84845	6350	1935	214.8	116	133.5	128	0.7	279	7000	1590480465
41.066338	23.839958	6350	1935	214.8	116	133.5	64	0.3	277	7000	1590480478
41.067307	23.831238	6350	1935	216.7	117	134.6	0	0	278	7000	1590480490
41.068291	23.822416	6350	1935	216.7	117	134.6	0	0	278	7000	1590480502
41.069321	23.813354	6350	1935	218.5	118	135.8	0	0	278	7000	1590480515
41.070293	23.804813	6350	1935	218.5	118	135.8	0	0	278	7000	1590480526
41.071243	23.796204	6350	1935	218.5	118	135.8	0	0	278	7000	1590480539
41.072296	23.787086	6350	1935	218.5	118	135.8	0	0	278	7000	1590480551
41.073273	23.77816	6350	1935	220.4	119	136.9	0	0	278	7000	1590480564
41.07431	23.769165	6350	1935	220.4	119	136.9	0	0	278	7000	1590480577
41.0755	23.753357	6350	1935	220.4	119	136.9	0	0	274	7000	1590480598
41.076065	23.744888	6350	1935	220.4	119	136.9	0	0	274	7000	1590480610
41.076645	23.735901	6350	1935	220.4	119	136.9	0	0	275	7000	1590480622
41.077183	23.727598	6350	1935	218.5	118	135.8	0	0	274	7000	1590480634
41.077835	23.717102	6350	1935	220.4	119	136.9	0	0	271	7000	1590480648
41.078018	23.708069	6350	1935	220.4	119	136.9	0	0	271	7000	1590480661
41.078255	23.699007	6350	1935	220.4	119	136.9	0	0	271	7000	1590480673
41.078533	23.68746	6350	1935	220.4	119	136.9	0	0	271	7000	1590480688
41.07872	23.678658	6350	1935	222.2	120	138.1	0	0	271	7000	1590480701
41.078903	23.669731	6350	1935	220.4	119	136.9	0	0	271	7000	1590480714
41.079117	23.658569	6350	1935	220.4	119	136.9	0	0	271	7000	1590480728
41.0793	23.649292	6350	1935	218.5	118	135.8	0	0	271	7000	1590480741
41.079483	23.640503	6350	1935	216.7	117	134.6	0	0	271	7000	1590480754
41.079697	23.630968	6350	1935	216.7	117	134.6	0	0	271	7000	1590480766
41.080441	23.60038	6350	1935	214.8	116	133.5	0	0	274	7000	1590480809
41.080952	23.592766	6350	1935	213	115	132.3	0	0	275	7000	1590480820
41.081543	23.584656	6350	1935	213	115	132.3	0	0	275	7000	1590480832
41.082302	23.574413	6350	1935	213	115	132.3	0	0	275	7000	1590480847
41.083	23.565674	6350	1935	213	115	132.3	0	0	275	7000	1590480858
41.083652	23.557371	6350	1935	213	115	132.3	0	0	275	7000	1590480870
41.084473	23.546814	6350	1935	214.8	116	133.5	0	0	275	7000	1590480885
41.078068	23.530155	6350	1935	213	115	132.3	0	0	203	7000	1590480915
41.072113	23.527588	6350	1935	214.8	116	133.5	-64	-0.3	191	7000	1590480926
41.068771	23.527649	6350	1935	218.5	118	135.8	0	0	172	7000	1590480932
41.064102	23.529345	6350	1935	218.5	118	135.8	0	0	161	7000	1590480941
41.060623	23.530884	6350	1935	218.5	118	135.8	0	0	161	7000	1590480948
41.057281	23.53241	6350	1935	218.5	118	135.8	0	0	161	7000	1590480954
41.054371	23.534651	6350	1935	222.2	120	138.1	-64	-0.3	143	7000	1590480961
41.048508	23.542765	6350	1935	222.2	120	138.1	0	0	131	7000	1590480976
41.044781	23.548258	6350	1935	222.2	120	138.1	0	0	131	7000	1590480986
41.039795	23.555664	6350	1935	220.4	119	136.9	0	0	131	7000	1590481000
41.034679	23.56324	6350	1935	220.4	119	136.9	0	0	131	7000	1590481012
41.029816	23.570435	6350	1935	222.2	120	138.1	0	0	131	7000	1590481026
41.025192	23.577209	6350	1935	222.2	120	138.1	0	0	131	7000	1590481039
41.020622	23.584026	6350	1935	224.1	121	139.2	0	0	131	7000	1590481051
41.016129	23.590576	6350	1935	224.1	121	139.2	0	0	131	7000	1590481062
41.011497	23.597383	6350	1935	224.1	121	139.2	0	0	131	7000	1590481074
41.006744	23.60437	6350	1935	224.1	121	139.2	0	0	131	7000	1590481088
41.002625	23.610474	6350	1935	224.1	121	139.2	0	0	131	7000	1590481098
40.99823	23.616859	6350	1935	224.1	121	139.2	0	0	132	7000	1590481110
40.995529	23.619919	6350	1935	222.2	120	138.1	0	0	143	7000	1590481116
40.992279	23.622559	6350	1935	220.4	119	136.9	0	0	150	7000	1590481124
40.989338	23.624725	6350	1935	220.4	119	136.9	0	0	151	7000	1590481130
40.986374	23.626953	6350	1935	222.2	120	138.1	0	0	150	7000	1590481136
40.983444	23.629089	6350	1935	222.2	120	138.1	0	0	150	7000	1590481142
40.975979	23.634651	6350	1935	220.4	119	136.9	0	0	150	7000	1590481157
40.969925	23.639145	6350	1935	218.5	118	135.8	0	0	150	7000	1590481169
40.964947	23.642828	6350	1935	220.4	119	136.9	0	0	149	7000	1590481180
40.959045	23.648438	6350	1935	220.4	119	136.9	0	0	142	7000	1590481193
40.956482	23.651489	6350	1935	222.2	120	138.1	0	0	136	7000	1590481200
40.953728	23.655125	6350	1935	224.1	121	139.2	0	0	135	7000	1590481206
40.949211	23.660681	6350	1935	224.1	121	139.2	0	0	137	7000	1590481218
40.942974	23.668171	6350	1935	224.1	121	139.2	-64	-0.3	136	7000	1590481232
40.937622	23.674683	6350	1935	225.9	122	140.4	0	0	137	7000	1590481246
40.932861	23.680481	6350	1935	225.9	122	140.4	-64	-0.3	136	7000	1590481256
40.92746	23.687195	6325	1928	227.8	123	141.5	-64	-0.3	136	7000	1590481269
40.922165	23.693327	6325	1928	225.9	122	140.4	0	0	138	7000	1590481282
40.916931	23.699158	6325	1928	225.9	122	140.4	0	0	140	7000	1590481294
40.911667	23.704834	6325	1928	227.8	123	141.5	-128	-0.7	139	7000	1590481306
40.906128	23.711365	6325	1928	225.9	122	140.4	64	0.3	137	7000	1590481320
40.901123	23.717422	6325	1928	224.1	121	139.2	0	0	137	7000	1590481331
40.896011	23.72345	6325	1928	225.9	122	140.4	0	0	138	7000	1590481343
40.890881	23.729158	6325	1928	224.1	121	139.2	0	0	140	7000	1590481356
40.885574	23.734741	6300	1920	225.9	122	140.4	-128	-0.7	141	7000	1590481368
40.880035	23.740417	6300	1920	225.9	122	140.4	-64	-0.3	142	7000	1590481379
40.874866	23.745825	6275	1913	225.9	122	140.4	0	0	139	7000	1590481392
40.868683	23.753052	6275	1913	225.9	122	140.4	-64	-0.3	137	7000	1590481407
40.864719	23.757872	6250	1905	227.8	123	141.5	-128	-0.7	137	7000	1590481415
40.859024	23.764526	6275	1913	220.4	119	136.9	128	0.7	138	7000	1590481429
40.85387	23.770607	6275	1913	220.4	119	136.9	0	0	138	7000	1590481441
40.848999	23.776428	6300	1920	218.5	118	135.8	64	0.3	135	7000	1590481454
40.844421	23.783278	6300	1920	220.4	119	136.9	128	0.7	128	7000	1590481465
40.84227	23.786865	6325	1928	222.2	120	138.1	0	0	128	7000	1590481472
40.840233	23.79027	6325	1928	222.2	120	138.1	0	0	128	7000	1590481478
40.835861	23.797546	6350	1935	218.5	118	135.8	0	0	128	7000	1590481490
40.831619	23.804377	6325	1928	222.2	120	138.1	-64	-0.3	128	7000	1590481503
40.827438	23.811218	6350	1935	222.2	120	138.1	0	0	128	7000	1590481514
40.822998	23.81842	6350	1935	222.2	120	138.1	64	0.3	129	7000	1590481527
40.818741	23.825256	6325	1928	224.1	121	139.2	-64	-0.3	129	7000	1590481539
40.814209	23.831842	6325	1928	224.1	121	139.2	-128	-0.7	137	7000	1590481551
40.81123	23.834963	6300	1920	227.8	123	141.5	-128	-0.7	142	7000	1590481558
40.804012	23.843578	6300	1920	227.8	123	141.5	-128	-0.7	136	7000	1590481575
40.799034	23.849632	6300	1920	227.8	123	141.5	64	0.3	136	7000	1590481587
40.794518	23.855314	6300	1920	225.9	122	140.4	64	0.3	136	7000	1590481599
40.790421	23.860807	6325	1928	222.2	120	138.1	64	0.3	134	7000	1590481609
40.785324	23.868469	6300	1920	224.1	121	139.2	0	0	128	7000	1590481622
40.78244	23.873413	6300	1920	224.1	121	139.2	0	0	125	7000	1590481631
40.779785	23.878601	6300	1920	225.9	122	140.4	-128	-0.7	123	7000	1590481640
40.776031	23.886414	6300	1920	225.9	122	140.4	64	0.3	121	7000	1590481652
40.772552	23.894226	6250	1905	237.1	128	147.3	-576	-2.9	119	7000	1590481664
40.768726	23.903067	6125	1867	244.5	132	151.9	-704	-3.6	119	7000	1590481676
40.764912	23.912243	5975	1821	248.2	134	154.2	-640	-3.3	118	7000	1590481688
40.761337	23.920837	5800	1768	244.5	132	151.9	-896	-4.6	118	7000	1590481701
40.757835	23.929283	5625	1715	244.5	132	151.9	-896	-4.6	118	7000	1590481712
40.754333	23.937988	5450	1661	235.2	127	146.1	-640	-3.3	116	7000	1590481726
40.751411	23.946638	5325	1623	222.2	120	138.1	-384	-2	112	7000	1590481738
40.748703	23.954285	5325	1623	205.6	111	127.7	64	0.3	113	7000	1590481751
40.746277	23.961792	5350	1631	207.4	112	128.9	0	0	112	7000	1590481762
40.744007	23.968735	5350	1631	213	115	132.3	0	0	113	7000	1590481772
40.741333	23.976807	5350	1631	218.5	118	135.8	0	0	113	7000	1590481785
40.738609	23.984964	5350	1631	222.2	120	138.1	0	0	113	7000	1590481797
40.735611	23.994141	5350	1631	222.2	120	138.1	0	0	113	7000	1590481812
40.732956	24.002136	5350	1631	220.4	119	136.9	0	0	112	7000	1590481824
40.730301	24.010437	5350	1631	220.4	119	136.9	0	0	112	7000	1590481835
40.72776	24.01836	5350	1631	220.4	119	136.9	0	0	113	7000	1590481848
40.725082	24.026367	5350	1631	222.2	120	138.1	0	0	114	7000	1590481860
40.722153	24.034668	5350	1631	224.1	121	139.2	0	0	114	7000	1590481871
40.719772	24.041504	5350	1631	224.1	121	139.2	0	0	114	7000	1590481882
40.716774	24.049946	5350	1631	227.8	123	141.5	-64	-0.3	115	7000	1590481895
40.714169	24.057125	5350	1631	227.8	123	141.5	0	0	115	7000	1590481905
40.711166	24.065491	5350	1631	227.8	123	141.5	0	0	115	7000	1590481917
40.708374	24.07312	5350	1631	227.8	123	141.5	0	0	115	7000	1590481929
40.705463	24.081095	5350	1631	229.6	124	142.7	0	0	115	7000	1590481940
40.702438	24.089584	5350	1631	227.8	123	141.5	0	0	115	7000	1590481952
40.699402	24.0979	5350	1631	227.8	123	141.5	0	0	115	7000	1590481965
40.696884	24.104736	5350	1631	227.8	123	141.5	0	0	115	7000	1590481976
40.693359	24.114441	5350	1631	227.8	123	141.5	0	0	115	7000	1590481990
40.690292	24.122864	5350	1631	229.6	124	142.7	0	0	115	7000	1590482002
40.68726	24.131033	5350	1631	227.8	123	141.5	0	0	115	7000	1590482014
40.684158	24.139465	5350	1631	225.9	122	140.4	0	0	116	7000	1590482026
40.681229	24.1474	5350	1631	227.8	123	141.5	0	0	115	7000	1590482038
40.678207	24.155762	5350	1631	229.6	124	142.7	0	0	116	7000	1590482050
40.675095	24.164001	5350	1631	225.9	122	140.4	0	0	116	7000	1590482062
40.672409	24.171171	5350	1631	225.9	122	140.4	0	0	116	7000	1590482074
40.669281	24.179688	5350	1631	225.9	122	140.4	0	0	115	7000	1590482086
40.666126	24.188585	5350	1631	225.9	122	140.4	0	0	115	7000	1590482099
40.663147	24.197014	5350	1631	227.8	123	141.5	0	0	114	7000	1590482112
40.660263	24.205261	5350	1631	227.8	123	141.5	0	0	114	7000	1590482124
40.657513	24.213118	5350	1631	229.6	124	142.7	0	0	114	7000	1590482135
40.654358	24.222229	5350	1631	231.5	125	143.8	0	0	114	7000	1590482148
40.651463	24.230597	5350	1631	229.6	124	142.7	0	0	114	7000	1590482160
40.648575	24.239149	5350	1631	227.8	123	141.5	0	0	113	7000	1590482172
40.645981	24.246765	5350	1631	227.8	123	141.5	0	0	113	7000	1590482184
40.64299	24.255753	5350	1631	227.8	123	141.5	0	0	113	7000	1590482196
40.640305	24.264038	5350	1631	231.5	125	143.8	0	0	113	7000	1590482208
40.637451	24.272795	5350	1631	233.4	126	145	0	0	113	7000	1590482221
40.63472	24.281189	5350	1631	233.4	126	145	0	0	113	7000	1590482234
40.632515	24.290209	5350	1631	229.6	124	142.7	0	0	100	7000	1590482245
40.632004	24.294579	5350	1631	229.6	124	142.7	0	0	98	7000	1590482251
40.631516	24.299133	5350	1631	229.6	124	142.7	0	0	98	7000	1590482257
40.631027	24.303381	5350	1631	227.8	123	141.5	0	0	98	7000	1590482264
40.630421	24.30825	5350	1631	225.9	122	140.4	0	0	99	7000	1590482270
40.629257	24.317238	5350	1631	224.1	121	139.2	0	0	99	7000	1590482282
40.628185	24.325853	5350	1631	224.1	121	139.2	0	0	99	7000	1590482294
40.627022	24.334654	5350	1631	222.2	120	138.1	0	0	99	7000	1590482306
40.625904	24.343269	5350	1631	222.2	120	138.1	0	0	99	7000	1590482318
40.624741	24.352478	5350	1631	222.2	120	138.1	0	0	99	7000	1590482330
40.623718	24.361122	5350	1631	224.1	121	139.2	0	0	98	7000	1590482342
40.622681	24.369934	5350	1631	222.2	120	138.1	0	0	98	7000	1590482354
40.621628	24.37915	5350	1631	220.4	119	136.9	0	0	98	7000	1590482368
40.620667	24.387634	5350	1631	220.4	119	136.9	0	0	98	7000	1590482379
40.619667	24.396452	5350	1631	220.4	119	136.9	0	0	98	7000	1590482391
40.618736	24.404755	5350	1631	220.4	119	136.9	0	0	98	7000	1590482404
40.617691	24.414124	5350	1631	220.4	119	136.9	0	0	98	7000	1590482417
40.616734	24.422421	5350	1631	222.2	120	138.1	0	0	98	7000	1590482428
40.615803	24.43116	5350	1631	225.9	122	140.4	0	0	97	7000	1590482440
40.614761	24.440491	5350	1631	225.9	122	140.4	0	0	98	7000	1590482453
40.61385	24.448637	5350	1631	225.9	122	140.4	0	0	98	7000	1590482463
40.612823	24.457439	5350	1631	225.9	122	140.4	0	0	98	7000	1590482476
40.611752	24.46699	5350	1631	225.9	122	140.4	0	0	98	7000	1590482489
40.610733	24.47583	5350	1631	225.9	122	140.4	0	0	98	7000	1590482501
40.609798	24.484592	5350	1631	225.9	122	140.4	0	0	97	7000	1590482513
40.608856	24.493713	5350	1631	224.1	121	139.2	0	0	97	7000	1590482525
40.607941	24.502441	5350	1631	225.9	122	140.4	0	0	97	7000	1590482537
40.607025	24.511414	5350	1631	224.1	121	139.2	0	0	97	7000	1590482550
40.60611	24.520569	5350	1631	224.1	121	139.2	0	0	97	7000	1590482562
40.60524	24.529297	5350	1631	218.5	118	135.8	0	0	97	7000	1590482574
40.604397	24.537901	5350	1631	218.5	118	135.8	0	0	97	7000	1590482586
40.603546	24.546326	5350	1631	218.5	118	135.8	0	0	98	7000	1590482599
40.602535	24.55488	5350	1631	216.7	117	134.6	0	0	98	7000	1590482610
40.601532	24.563599	5350	1631	216.7	117	134.6	0	0	98	7000	1590482623
40.600525	24.571899	5350	1631	216.7	117	134.6	0	0	98	7000	1590482635
40.599518	24.580627	5350	1631	218.5	118	135.8	-64	-0.3	98	7000	1590482646
40.598392	24.589338	5350	1631	218.5	118	135.8	0	0	99	7000	1590482659
40.597412	24.597656	5350	1631	218.5	118	135.8	0	0	98	7000	1590482670
40.596359	24.606445	5350	1631	222.2	120	138.1	0	0	98	7000	1590482682
40.595322	24.615242	5350	1631	224.1	121	139.2	0	0	98	7000	1590482695
40.594254	24.624146	5350	1631	220.4	119	136.9	0	0	99	7000	1590482707
40.593155	24.632568	5350	1631	218.5	118	135.8	0	0	99	7000	1590482720
40.592155	24.641211	5350	1631	220.4	119	136.9	-64	-0.3	97	7000	1590482731
40.591141	24.64978	5300	1615	214.8	116	133.5	-640	-3.3	98	7000	1590482743
40.590408	24.658813	5175	1577	225.9	122	140.4	-64	-0.3	95	7000	1590482755
40.590107	24.665743	5250	1600	216.7	117	134.6	640	3.3	91	7000	1590482766
40.589264	24.676147	5350	1631	213	115	132.3	320	1.6	97	7000	1590482780
40.588432	24.684906	5350	1631	218.5	118	135.8	64	0.3	96	7000	1590482793
40.587406	24.693583	5375	1638	218.5	118	135.8	64	0.3	102	7000	1590482804
40.585964	24.701885	5375	1638	222.2	120	138.1	0	0	102	7000	1590482816
40.584412	24.710571	5375	1638	225.9	122	140.4	-64	-0.3	103	7000	1590482828
40.582855	24.719421	5375	1638	227.8	123	141.5	0	0	103	7000	1590482840
40.581306	24.728289	5375	1638	229.6	124	142.7	0	0	103	7000	1590482852
40.579819	24.737278	5375	1638	229.6	124	142.7	0	0	100	7000	1590482865
40.578747	24.746454	5375	1638	231.5	125	143.8	0	0	98	7000	1590482877
40.577679	24.755693	5375	1638	231.5	125	143.8	0	0	98	7000	1590482889
40.576511	24.764994	5375	1638	231.5	125	143.8	0	0	99	7000	1590482903
40.575397	24.774107	5375	1638	233.4	126	145	-64	-0.3	98	7000	1590482915
40.574417	24.782097	5375	1638	231.5	125	143.8	64	0.3	99	7000	1590482924
40.573151	24.792664	5375	1638	233.4	126	145	0	0	98	7000	1590482938
40.572044	24.801886	5375	1638	235.2	127	146.1	0	0	98	7000	1590482950
40.570999	24.810913	5375	1638	233.4	126	145	0	0	98	7000	1590482962
40.569946	24.819885	5375	1638	233.4	126	145	0	0	98	7000	1590482974
40.568802	24.829163	5375	1638	233.4	126	145	0	0	99	7000	1590482987
40.568691	24.836281	5375	1638	227.8	123	141.5	-64	-0.3	79	7000	1590482996
40.570908	24.842102	5375	1638	224.1	121	139.2	0	0	51	7000	1590483004
40.573425	24.844849	5375	1638	222.2	120	138.1	0	0	32	7000	1590483010
40.576675	24.846375	5375	1638	220.4	119	136.9	0	0	12	7000	1590483017
40.5802	24.846313	5375	1638	220.4	119	136.9	0	0	353	7000	1590483024
40.584751	24.844271	5375	1638	222.2	120	138.1	-192	-1	337	7000	1590483031
40.587891	24.842407	5275	1608	225.9	122	140.4	-832	-4.2	335	7000	1590483038
40.590866	24.840576	5225	1593	225.9	122	140.4	-640	-3.3	333	7000	1590483044
40.59425	24.838341	5175	1577	225.9	122	140.4	-448	-2.3	333	7000	1590483051
40.603317	24.832825	5025	1532	222.2	120	138.1	-512	-2.6	335	7000	1590483069
40.609379	24.829414	4925	1501	220.4	119	136.9	-512	-2.6	338	7000	1590483080
40.612686	24.827791	4875	1486	218.5	118	135.8	-384	-2	339	7000	1590483086
40.615723	24.826294	4825	1471	220.4	119	136.9	-576	-2.9	338	7000	1590483092
40.619015	24.824482	4750	1448	225.9	122	140.4	-832	-4.2	336	7000	1590483099
40.62204	24.822632	4675	1425	224.1	121	139.2	-448	-2.3	334	7000	1590483105
40.624786	24.820923	4675	1425	216.7	117	134.6	-192	-1	334	7000	1590483111
40.631119	24.817429	4575	1394	216.7	117	134.6	-576	-2.9	338	7000	1590483124
40.637497	24.813932	4425	1349	222.2	120	138.1	-640	-3.3	336	7000	1590483136
40.640385	24.812309	4350	1326	222.2	120	138.1	-640	-3.3	337	7000	1590483142
40.646576	24.809002	4175	1273	225.9	122	140.4	-832	-4.2	339	7000	1590483154
40.653557	24.805693	4000	1219	231.5	125	143.8	-1088	-5.5	337	7000	1590483166
40.66008	24.802429	3750	1143	235.2	127	146.1	-1088	-5.5	340	7000	1590483178
40.663513	24.800903	3650	1113	235.2	127	146.1	-1088	-5.5	342	7000	1590483184
40.666763	24.799622	3550	1082	233.4	126	145	-1024	-5.2	343	7000	1590483190
40.670334	24.798279	3450	1052	231.5	125	143.8	-960	-4.9	343	7000	1590483196
40.673481	24.797079	3375	1029	225.9	122	140.4	-576	-2.9	343	7000	1590483202
40.676834	24.795837	3375	1029	214.8	116	133.5	64	0.3	344	7000	1590483208
40.679855	24.794678	3375	1029	209.3	113	130	-128	-0.7	344	7000	1590483214
40.682877	24.793579	3350	1021	207.4	112	128.9	-256	-1.3	344	7000	1590483220
40.685818	24.792522	3325	1013	207.4	112	128.9	-320	-1.6	344	7000	1590483227
40.689148	24.79126	3275	998	216.7	117	134.6	-448	-2.3	344	7000	1590483233
40.695686	24.788713	3225	983	222.2	120	138.1	-320	-1.6	342	7000	1590483246
40.702297	24.78603	3100	945	235.2	127	146.1	-640	-3.3	342	7000	1590483256
40.705627	24.784607	3075	937	235.2	127	146.1	-256	-1.3	341	7000	1590483263
40.709141	24.782972	3025	922	238.9	129	148.5	-448	-2.3	340	7000	1590483269
40.712677	24.781189	3000	914	235.2	127	146.1	-64	-0.3	338	7000	1590483275
40.71579	24.779663	2975	907	238.9	129	148.5	-448	-2.3	339	7000	1590483282
40.722549	24.776354	2800	853	238.9	129	148.5	-896	-4.6	339	7000	1590483294
40.726044	24.774475	2725	831	238.9	129	148.5	-704	-3.6	337	7000	1590483300
40.729389	24.772547	2625	800	238.9	129	148.5	-896	-4.6	335	7000	1590483306
40.732651	24.77055	2525	770	240.8	130	149.6	-960	-4.9	335	7000	1590483312
40.736206	24.768311	2450	747	240.8	130	149.6	-832	-4.2	333	7000	1590483318
40.742565	24.763683	2325	709	237.1	128	147.3	-512	-2.6	329	7000	1590483330
40.745361	24.761414	2275	693	237.1	128	147.3	-640	-3.3	328	7000	1590483336
40.748703	24.758789	2200	671	237.1	128	147.3	-704	-3.6	328	7000	1590483342
40.751503	24.756504	2125	648	237.1	128	147.3	-640	-3.3	328	7000	1590483348
40.754761	24.753757	2075	632	233.4	126	145	-512	-2.6	326	7000	1590483354
40.759186	24.749825	2025	617	233.4	126	145	-384	-2	325	7000	1590483363
40.765045	24.744446	1925	587	242.6	131	150.8	-384	-2	325	7000	1590483376
40.768158	24.741638	1900	579	240.8	130	149.6	-320	-1.6	325	7000	1590483382
40.771336	24.738838	1850	564	238.9	129	148.5	-320	-1.6	326	7000	1590483388
40.777451	24.733398	1775	541	248.2	134	154.2	-512	-2.6	326	7000	1590483400
40.780552	24.730661	1725	526	251.9	136	156.5	-448	-2.3	325	7000	1590483406
40.78363	24.727905	1700	518	253.7	137	157.7	-256	-1.3	325	7000	1590483412
40.786743	24.725037	1675	511	251.9	136	156.5	0	0	323	7000	1590483418
40.790039	24.721985	1650	503	251.9	136	156.5	-384	-2	325	7000	1590483424
40.793243	24.719238	1600	488	253.7	137	157.7	-704	-3.6	327	7000	1590483431
40.799835	24.713806	1475	450	248.2	134	154.2	-512	-2.6	328	7000	1590483443
40.802994	24.711243	1425	434	246.3	133	153.1	-512	-2.6	328	7000	1590483449
40.80611	24.708752	1375	419	242.6	131	150.8	-448	-2.3	328	7000	1590483455
40.812195	24.703613	1350	411	235.2	127	146.1	-128	-0.7	327	7000	1590483466
40.815125	24.701111	1350	411	233.4	126	145	0	0	326	7000	1590483472
40.817932	24.698576	1375	419	225.9	122	140.4	192	1	325	7000	1590483478
40.820984	24.695801	1375	419	227.8	123	141.5	-128	-0.7	325	7000	1590483485
40.823845	24.693333	1375	419	225.9	122	140.4	0	0	326	7000	1590483491
40.826569	24.690979	1400	427	216.7	117	134.6	320	1.6	327	7000	1590483497
40.829384	24.688589	1400	427	216.7	117	134.6	0	0	327	7000	1590483503
40.83213	24.686279	1425	434	216.7	117	134.6	128	0.7	328	7000	1590483509
40.835129	24.683838	1425	434	214.8	116	133.5	64	0.3	328	7000	1590483516
40.840668	24.679382	1450	442	214.8	116	133.5	64	0.3	329	7000	1590483527
40.843536	24.67729	1450	442	214.8	116	133.5	128	0.7	331	7000	1590483533
40.846527	24.675293	1450	442	222.2	120	138.1	-256	-1.3	333	7000	1590483540
40.849541	24.673483	1400	427	227.8	123	141.5	-448	-2.3	336	7000	1590483546
40.854523	24.671049	1350	411	229.6	124	142.7	-192	-1	341	7000	1590483555
40.85788	24.669617	1325	404	227.8	123	141.5	-320	-1.6	342	7000	1590483561
40.860992	24.66824	1300	396	220.4	119	136.9	-512	-2.6	342	7000	1590483567
40.864243	24.66687	1225	373	222.2	120	138.1	-768	-3.9	342	7000	1590483573
40.867649	24.66543	1125	343	224.1	121	139.2	-768	-3.9	342	7000	1590483579
40.870926	24.664124	1050	320	225.9	122	140.4	-704	-3.6	342	7000	1590483586
40.877655	24.66156	875	267	227.8	123	141.5	-768	-3.9	344	7000	1590483598
40.883881	24.658752	850	259	222.2	120	138.1	-256	-1.3	335	7000	1590483610
40.886738	24.656254	825	251	225.9	122	140.4	-64	-0.3	320	7000	1590483616
40.888962	24.652527	825	251	227.8	123	141.5	-64	-0.3	298	7000	1590483622
40.889858	24.648201	850	259	220.4	119	136.9	192	1	276	7000	1590483629
40.889053	24.642334	875	267	209.3	113	130	128	0.7	248	7000	1590483637
40.887314	24.638428	875	267	205.6	111	127.7	128	0.7	237	7000	1590483644
40.884735	24.633408	875	267	200	108	124.3	128	0.7	235	7000	1590483652
40.883106	24.630224	900	274	194.5	105	120.8	128	0.7	236	7000	1590483659
40.880684	24.625418	925	282	187.1	101	116.2	192	1	236	7000	1590483667
40.879166	24.622253	925	282	187.1	101	116.2	0	0	237	7000	1590483674
40.876308	24.616055	975	297	172.2	93	107	448	2.3	239	7000	1590483685
40.875008	24.613182	1025	312	168.5	91	104.7	448	2.3	237	7000	1590483691
40.873657	24.610498	1050	320	170.4	92	105.9	128	0.7	237	7000	1590483697
40.872166	24.607502	1025	312	175.9	95	109.3	-64	-0.3	236	7000	1590483703
40.870911	24.604382	1025	312	177.8	96	110.5	0	0	246	7000	1590483709
40.870331	24.600952	1025	312	181.5	98	112.8	-192	-1	263	7000	1590483715
40.874401	24.589338	825	251	181.5	98	112.8	-576	-2.9	315	7000	1590483737
40.876556	24.586914	750	229	183.3	99	113.9	-640	-3.3	321	7000	1590483743
40.879944	24.583679	675	206	190.8	103	118.5	-576	-2.9	326	7000	1590483752
40.8825	24.581596	600	183	194.5	105	120.8	-640	-3.3	329	7000	1590483758
40.885254	24.579834	525	160	194.5	105	120.8	-704	-3.6	339	7000	1590483764
40.888229	24.579163	450	137	192.6	104	119.7	-768	-3.9	357	7000	1590483771
40.896423	24.584473	225	69	166.7	90	103.6	-384	-2	54	7000	1590483792
40.898209	24.588684	175	53	157.4	85	97.8	-448	-2.3	59	7000	1590483801
40.899399	24.591335	125	38	159.3	86	99	-448	-2.3	59	7000	1590483807
40.902008	24.596453	50	15	153.7	83	95.5	-384	-2	54	7000	1590483819
40.903355	24.599199	25	8	148.2	80	92.1	-384	-2	57	7000	1590483825
40.904526	24.601563	0	0	150	81	93.2	-384	-2	56	7000	1590483831
40.905964	24.604195	0	0	150	81	93.2	-576	-2.9	54	7000	1590483837
40.907173	24.606565	0	0	138.9	75	86.3	-448	-2.3	56	7000	1590483844
40.908188	24.608521	0	0	113	61	70.2	-192	-1	55	7000	1590483850
40.909149	24.610352	0	0	96.3	52	59.8	0	0	55	7000	1590483856
40.909828	24.611685	0	0	77.8	42	48.3	0	0	55	7000	1590483862
40.910385	24.612808	0	0	64.8	35	40.3	0	0	55	7000	1590483868
40.911198	24.614319	0	0	59.3	32	36.8	0	0	53	7000	1590483880
40.911491	24.61451	0	0	46.3	25	28.8	0	0	2	7000	1590483886
40.911747	24.61441	0	0	40.7	22	25.3	0	0	340	7000	1590483892
40.911999	24.614227	0	0	29.6	16	18.4	0	0	326	7000	1590483901
40.912216	24.614029	0	0	22.2	12	13.8	0	0	323	7000	1590483914
40.91256	24.613708	0	0	50	27	31.1	0	0	326	7000	1590483953
40.912834	24.61351	0	0	44.4	24	27.6	0	0	345	7000	1590483959
40.913086	24.613586	0	0	42.6	23	26.5	0	0	28	7000	1590483965
40.913258	24.613815	0	0	40.7	22	25.3	0	0	56	7000	1590483971
40.91341	24.614103	0	0	48.2	26	29.9	0	0	56	7000	1590483977
40.913589	24.614456	0	0	51.9	28	32.2	0	0	56	7000	1590483983
40.913784	24.61482	0	0	50	27	31.1	0	0	56	7000	1590483989
40.914104	24.615433	0	0	63	34	39.1	0	0	56	7000	1590483998
40.914356	24.615906	0	0	29.6	16	18.4	0	0	56	7000	1590484005
40.91489	24.616943	0	0	29.6	16	18.4	0	0	53	7000	1590484017
40.915413	24.617928	0	0	27.8	15	17.3	0	0	56	7000	1590484029
40.915649	24.618362	0	0	63	34	39.1	0	0	53	7000	1590484035
40.915878	24.618805	0	0	59.3	32	36.8	0	0	56	7000	1590484041
40.916084	24.619217	0	0	55.6	30	34.5	0	0	56	7000	1590484047
40.916275	24.619581	0	0	51.9	28	32.2	0	0	56	7000	1590484053
40.916462	24.619934	0	0	50	27	31.1	0	0	53	7000	1590484059
40.916649	24.620268	0	0	48.2	26	29.9	0	0	53	7000	1590484065
40.916809	24.620596	0	0	46.3	25	28.8	0	0	56	7000	1590484072
40.917137	24.62122	0	0	48.2	26	29.9	0	0	53	7000	1590484084
40.917309	24.621548	0	0	51.9	28	32.2	0	0	56	7000	1590484090
40.917496	24.621906	0	0	50	27	31.1	0	0	56	7000	1590484096
40.917683	24.62225	0	0	46.3	25	28.8	0	0	50	7000	1590484103
40.917915	24.622499	0	0	46.3	25	28.8	0	0	28	7000	1590484109
40.918194	24.62253	0	0	46.3	25	28.8	0	0	348	7000	1590484115
40.918613	24.622269	0	0	42.6	23	26.5	0	0	331	7000	1590484124
40.918835	24.622187	0	0	40.7	22	25.3	0	0	357	7000	1590484131
40.919266	24.62228	0	0	31.5	17	19.6	0	0	7	7000	1590484143
40.919521	24.622187	0	0	20.4	11	12.7	0	0	326	7000	1590484155
40.919765	24.621984	0	0	25.9	14	16.1	0	0	326	7000	1590484170